<?xml version="1.0" encoding="UTF-8" standalone="no" ?>
<COLLADA xmlns="http://www.collada.org/2005/11/COLLADASchema" version="1.4.1">
    <asset>
        <contributor>
            <authoring_tool>SketchUp 14.0.4899</authoring_tool>
        </contributor>
        <created>2014-06-02T16:44:39Z</created>
        <modified>2014-06-02T16:44:39Z</modified>
        <unit meter="0.0254000" name="inch" />
        <up_axis>Z_UP</up_axis>
    </asset>
    <library_visual_scenes>
        <visual_scene id="ID1">
            <node name="SketchUp">
                <node id="ID2" name="group_0">
                    <matrix>0.9659258 0.2588190 0.0000000 60.2735386 -0.2588190 0.9659258 0.0000000 36.5051433 0.0000000 -0.0000000 1.0000000 0.0000000 0.0000000 0.0000000 0.0000000 1.0000000</matrix>
                    <node id="ID3" name="group_1">
                        <matrix>1.0000000 0.0000000 0.0000000 0.3653856 0.0000000 1.0000000 0.0000000 0.3644005 0.0000000 0.0000000 1.0000000 41.9296546 0.0000000 0.0000000 0.0000000 1.0000000</matrix>
                        <instance_geometry url="#ID4">
                            <bind_material>
                                <technique_common>
                                    <instance_material symbol="Material2" target="#ID5">
                                        <bind_vertex_input semantic="UVSET0" input_semantic="TEXCOORD" input_set="0" />
                                    </instance_material>
                                </technique_common>
                            </bind_material>
                        </instance_geometry>
                    </node>
                    <node id="ID12" name="group_2">
                        <matrix>1.0000000 0.0000000 0.0000000 63.5356826 0.0000000 1.0000000 0.0000000 63.5356826 0.0000000 0.0000000 1.0000000 0.0000000 0.0000000 0.0000000 0.0000000 1.0000000</matrix>
                        <instance_geometry url="#ID13">
                            <bind_material>
                                <technique_common>
                                    <instance_material symbol="Material2" target="#ID5">
                                        <bind_vertex_input semantic="UVSET0" input_semantic="TEXCOORD" input_set="0" />
                                    </instance_material>
                                </technique_common>
                            </bind_material>
                        </instance_geometry>
                    </node>
                    <node id="ID19" name="group_3">
                        <matrix>1.0000000 0.0000000 0.0000000 59.5647024 0.0000000 1.0000000 0.0000000 59.5647024 0.0000000 0.0000000 1.0000000 0.0000000 0.0000000 0.0000000 0.0000000 1.0000000</matrix>
                        <node id="ID20" name="group_4">
                            <matrix>-0.2588190 -0.9659258 0.0000000 42.6604954 0.9659258 -0.2588190 0.0000000 5.6163608 0.0000000 0.0000000 1.0000000 0.0000000 0.0000000 0.0000000 0.0000000 1.0000000</matrix>
                            <node id="ID21" name="instance_0">
                                <matrix>-1.0000000 0.0000000 0.0000000 4.4890601 -0.0000000 -1.0000000 0.0000000 19.1754551 0.0000000 0.0000000 1.0000000 122.0472441 0.0000000 0.0000000 0.0000000 1.0000000</matrix>
                                <instance_node url="#ID22" />
                            </node>
                            <node id="ID31" name="instance_1">
                                <matrix>1.0000000 0.0000000 0.0000000 33.8618501 0.0000000 1.0000000 0.0000000 19.1754551 0.0000000 0.0000000 1.0000000 98.4251969 0.0000000 0.0000000 0.0000000 1.0000000</matrix>
                                <instance_node url="#ID22" />
                            </node>
                            <node id="ID32" name="instance_2">
                                <matrix>-0.0000000 -1.0000000 0.0000000 19.1754551 1.0000000 -0.0000000 0.0000000 33.8618501 0.0000000 0.0000000 1.0000000 122.0472441 0.0000000 0.0000000 0.0000000 1.0000000</matrix>
                                <instance_node url="#ID22" />
                            </node>
                            <node id="ID33" name="instance_3">
                                <matrix>-0.2588190 -0.9659258 0.0000000 15.3743364 0.9659258 -0.2588190 0.0000000 33.3614233 0.0000000 0.0000000 1.0000000 125.9842520 0.0000000 0.0000000 0.0000000 1.0000000</matrix>
                                <instance_node url="#ID22" />
                            </node>
                            <node id="ID34" name="instance_4">
                                <matrix>-0.5000000 -0.8660254 0.0000000 11.8322576 0.8660254 -0.5000000 0.0000000 31.8942462 0.0000000 0.0000000 1.0000000 129.9212598 0.0000000 0.0000000 0.0000000 1.0000000</matrix>
                                <instance_node url="#ID22" />
                            </node>
                            <node id="ID35" name="instance_5">
                                <matrix>-0.7071068 -0.7071068 0.0000000 8.7906056 0.7071068 -0.7071068 0.0000000 29.5603046 0.0000000 0.0000000 1.0000000 133.8582677 0.0000000 0.0000000 0.0000000 1.0000000</matrix>
                                <instance_node url="#ID22" />
                            </node>
                            <node id="ID36" name="instance_6">
                                <matrix>-0.8660254 -0.5000000 0.0000000 6.4566639 0.5000000 -0.8660254 0.0000000 26.5186526 0.0000000 0.0000000 1.0000000 137.7952756 0.0000000 0.0000000 0.0000000 1.0000000</matrix>
                                <instance_node url="#ID22" />
                            </node>
                            <node id="ID37" name="instance_7">
                                <matrix>0.9659258 0.2588190 0.0000000 33.3614233 -0.2588190 0.9659258 0.0000000 15.3743364 0.0000000 -0.0000000 1.0000000 94.4881890 0.0000000 0.0000000 0.0000000 1.0000000</matrix>
                                <instance_node url="#ID22" />
                            </node>
                            <node id="ID38" name="instance_8">
                                <matrix>0.7071068 -0.7071068 0.0000000 29.5603046 0.7071068 0.7071068 0.0000000 29.5603046 -0.0000000 0.0000000 1.0000000 15.7480315 0.0000000 0.0000000 0.0000000 1.0000000</matrix>
                                <instance_node url="#ID22" />
                            </node>
                            <node id="ID39" name="instance_9">
                                <matrix>-0.8660254 0.5000000 0.0000000 6.4566639 -0.5000000 -0.8660254 0.0000000 11.8322576 0.0000000 0.0000000 1.0000000 129.9212598 0.0000000 0.0000000 0.0000000 1.0000000</matrix>
                                <instance_node url="#ID22" />
                            </node>
                            <node id="ID40" name="instance_10">
                                <matrix>0.5000000 -0.8660254 0.0000000 26.5186526 0.8660254 0.5000000 0.0000000 31.8942462 -0.0000000 0.0000000 1.0000000 19.6850394 0.0000000 0.0000000 0.0000000 1.0000000</matrix>
                                <instance_node url="#ID22" />
                            </node>
                            <node id="ID41" name="instance_11">
                                <matrix>0.9659258 -0.2588190 0.0000000 33.3614233 0.2588190 0.9659258 0.0000000 22.9765738 -0.0000000 0.0000000 1.0000000 102.3622047 0.0000000 0.0000000 0.0000000 1.0000000</matrix>
                                <instance_node url="#ID22" />
                            </node>
                            <node id="ID42" name="instance_12">
                                <matrix>0.8660254 -0.5000000 0.0000000 31.8942462 0.5000000 0.8660254 0.0000000 26.5186526 -0.0000000 0.0000000 1.0000000 106.2992126 0.0000000 0.0000000 0.0000000 1.0000000</matrix>
                                <instance_node url="#ID22" />
                            </node>
                            <node id="ID43" name="instance_13">
                                <matrix>0.7071068 -0.7071068 0.0000000 29.5603046 0.7071068 0.7071068 0.0000000 29.5603046 -0.0000000 0.0000000 1.0000000 110.2362205 0.0000000 0.0000000 0.0000000 1.0000000</matrix>
                                <instance_node url="#ID22" />
                            </node>
                            <node id="ID44" name="instance_14">
                                <matrix>0.5000000 -0.8660254 0.0000000 26.5186526 0.8660254 0.5000000 0.0000000 31.8942462 -0.0000000 0.0000000 1.0000000 114.1732283 0.0000000 0.0000000 0.0000000 1.0000000</matrix>
                                <instance_node url="#ID22" />
                            </node>
                            <node id="ID45" name="instance_15">
                                <matrix>0.2588190 -0.9659258 0.0000000 22.9765738 0.9659258 0.2588190 0.0000000 33.3614233 -0.0000000 0.0000000 1.0000000 118.1102362 0.0000000 0.0000000 0.0000000 1.0000000</matrix>
                                <instance_node url="#ID22" />
                            </node>
                            <node id="ID46" name="instance_16">
                                <matrix>0.2588190 -0.9659258 0.0000000 22.9765738 0.9659258 0.2588190 0.0000000 33.3614233 -0.0000000 0.0000000 1.0000000 94.4881890 0.0000000 0.0000000 0.0000000 1.0000000</matrix>
                                <instance_node url="#ID22" />
                            </node>
                            <node id="ID47" name="instance_17">
                                <matrix>0.5000000 0.8660254 0.0000000 26.5186526 -0.8660254 0.5000000 0.0000000 6.4566639 0.0000000 -0.0000000 1.0000000 129.9212598 0.0000000 0.0000000 0.0000000 1.0000000</matrix>
                                <instance_node url="#ID22" />
                            </node>
                            <node id="ID48" name="instance_18">
                                <matrix>0.0000000 1.0000000 0.0000000 19.1754551 -1.0000000 0.0000000 0.0000000 4.4890601 0.0000000 -0.0000000 1.0000000 122.0472441 0.0000000 0.0000000 0.0000000 1.0000000</matrix>
                                <instance_node url="#ID22" />
                            </node>
                            <node id="ID49" name="instance_19">
                                <matrix>0.0000000 -1.0000000 0.0000000 19.1754551 1.0000000 0.0000000 0.0000000 33.8618501 -0.0000000 0.0000000 1.0000000 98.4251969 0.0000000 0.0000000 0.0000000 1.0000000</matrix>
                                <instance_node url="#ID22" />
                            </node>
                            <node id="ID50" name="instance_20">
                                <matrix>-0.7071068 0.7071068 0.0000000 8.7906056 -0.7071068 -0.7071068 0.0000000 8.7906056 0.0000000 0.0000000 1.0000000 15.7480315 0.0000000 0.0000000 0.0000000 1.0000000</matrix>
                                <instance_node url="#ID22" />
                            </node>
                            <node id="ID51" name="instance_21">
                                <matrix>0.9659258 -0.2588190 0.0000000 33.3614233 0.2588190 0.9659258 0.0000000 22.9765738 -0.0000000 0.0000000 1.0000000 7.8740157 0.0000000 0.0000000 0.0000000 1.0000000</matrix>
                                <instance_node url="#ID22" />
                            </node>
                            <node id="ID52" name="instance_22">
                                <matrix>-0.7071068 -0.7071068 0.0000000 8.7906056 0.7071068 -0.7071068 0.0000000 29.5603046 0.0000000 0.0000000 1.0000000 15.7480315 0.0000000 0.0000000 0.0000000 1.0000000</matrix>
                                <instance_node url="#ID22" />
                            </node>
                            <node id="ID53" name="instance_23">
                                <matrix>0.0000000 1.0000000 0.0000000 19.1754551 -1.0000000 0.0000000 0.0000000 4.4890601 0.0000000 -0.0000000 1.0000000 51.1811024 0.0000000 0.0000000 0.0000000 1.0000000</matrix>
                                <instance_node url="#ID22" />
                            </node>
                            <node id="ID54" name="instance_24">
                                <matrix>-0.2588190 0.9659258 0.0000000 15.3743364 -0.9659258 -0.2588190 0.0000000 4.9894869 0.0000000 0.0000000 1.0000000 47.2440945 0.0000000 0.0000000 0.0000000 1.0000000</matrix>
                                <instance_node url="#ID22" />
                            </node>
                            <node id="ID55" name="instance_25">
                                <matrix>0.2588190 0.9659258 0.0000000 22.9765738 -0.9659258 0.2588190 0.0000000 4.9894869 0.0000000 -0.0000000 1.0000000 55.1181102 0.0000000 0.0000000 0.0000000 1.0000000</matrix>
                                <instance_node url="#ID22" />
                            </node>
                            <node id="ID56" name="instance_26">
                                <matrix>0.0000000 -1.0000000 0.0000000 19.1754551 1.0000000 0.0000000 0.0000000 33.8618501 -0.0000000 0.0000000 1.0000000 3.9370079 0.0000000 0.0000000 0.0000000 1.0000000</matrix>
                                <instance_node url="#ID22" />
                            </node>
                            <node id="ID57" name="instance_27">
                                <matrix>-0.2588190 -0.9659258 0.0000000 15.3743364 0.9659258 -0.2588190 0.0000000 33.3614233 0.0000000 0.0000000 1.0000000 102.3622047 0.0000000 0.0000000 0.0000000 1.0000000</matrix>
                                <instance_node url="#ID22" />
                            </node>
                            <node id="ID58" name="instance_28">
                                <matrix>-0.5000000 -0.8660254 0.0000000 11.8322576 0.8660254 -0.5000000 0.0000000 31.8942462 0.0000000 0.0000000 1.0000000 106.2992126 0.0000000 0.0000000 0.0000000 1.0000000</matrix>
                                <instance_node url="#ID22" />
                            </node>
                            <node id="ID59" name="instance_29">
                                <matrix>-0.9659258 0.2588190 0.0000000 4.9894869 -0.2588190 -0.9659258 0.0000000 15.3743364 0.0000000 0.0000000 1.0000000 31.4960630 0.0000000 0.0000000 0.0000000 1.0000000</matrix>
                                <instance_node url="#ID22" />
                            </node>
                            <node id="ID60" name="instance_30">
                                <matrix>0.9659258 0.2588190 0.0000000 33.3614233 -0.2588190 0.9659258 0.0000000 15.3743364 0.0000000 -0.0000000 1.0000000 0.0000000 0.0000000 0.0000000 0.0000000 1.0000000</matrix>
                                <instance_node url="#ID22" />
                            </node>
                            <node id="ID61" name="instance_31">
                                <matrix>0.8660254 -0.5000000 0.0000000 31.8942462 0.5000000 0.8660254 0.0000000 26.5186526 -0.0000000 0.0000000 1.0000000 11.8110236 0.0000000 0.0000000 0.0000000 1.0000000</matrix>
                                <instance_node url="#ID22" />
                            </node>
                            <node id="ID62" name="instance_32">
                                <matrix>-0.7071068 -0.7071068 0.0000000 8.7906056 0.7071068 -0.7071068 0.0000000 29.5603046 0.0000000 0.0000000 1.0000000 110.2362205 0.0000000 0.0000000 0.0000000 1.0000000</matrix>
                                <instance_node url="#ID22" />
                            </node>
                            <node id="ID63" name="instance_33">
                                <matrix>0.2588190 -0.9659258 0.0000000 22.9765738 0.9659258 0.2588190 0.0000000 33.3614233 -0.0000000 0.0000000 1.0000000 23.6220472 0.0000000 0.0000000 0.0000000 1.0000000</matrix>
                                <instance_node url="#ID22" />
                            </node>
                            <node id="ID64" name="instance_34">
                                <matrix>-0.7071068 0.7071068 0.0000000 8.7906056 -0.7071068 -0.7071068 0.0000000 8.7906056 0.0000000 0.0000000 1.0000000 133.8582677 0.0000000 0.0000000 0.0000000 1.0000000</matrix>
                                <instance_node url="#ID22" />
                            </node>
                            <node id="ID65" name="instance_35">
                                <matrix>-1.0000000 -0.0000000 0.0000000 4.4890601 0.0000000 -1.0000000 0.0000000 19.1754551 0.0000000 0.0000000 1.0000000 98.4251969 0.0000000 0.0000000 0.0000000 1.0000000</matrix>
                                <instance_node url="#ID22" />
                            </node>
                            <node id="ID66" name="instance_36">
                                <matrix>-0.9659258 -0.2588190 0.0000000 4.9894869 0.2588190 -0.9659258 0.0000000 22.9765738 0.0000000 0.0000000 1.0000000 94.4881890 0.0000000 0.0000000 0.0000000 1.0000000</matrix>
                                <instance_node url="#ID22" />
                            </node>
                            <node id="ID67" name="instance_37">
                                <matrix>1.0000000 0.0000000 0.0000000 33.8618501 0.0000000 1.0000000 0.0000000 19.1754551 0.0000000 0.0000000 1.0000000 74.8031496 0.0000000 0.0000000 0.0000000 1.0000000</matrix>
                                <instance_node url="#ID22" />
                            </node>
                            <node id="ID68" name="instance_38">
                                <matrix>0.9659258 -0.2588190 0.0000000 33.3614233 0.2588190 0.9659258 0.0000000 22.9765738 -0.0000000 0.0000000 1.0000000 78.7401575 0.0000000 0.0000000 0.0000000 1.0000000</matrix>
                                <instance_node url="#ID22" />
                            </node>
                            <node id="ID69" name="instance_39">
                                <matrix>0.8660254 -0.5000000 0.0000000 31.8942462 0.5000000 0.8660254 0.0000000 26.5186526 -0.0000000 0.0000000 1.0000000 82.6771654 0.0000000 0.0000000 0.0000000 1.0000000</matrix>
                                <instance_node url="#ID22" />
                            </node>
                            <node id="ID70" name="instance_40">
                                <matrix>-1.0000000 0.0000000 0.0000000 4.4890601 -0.0000000 -1.0000000 0.0000000 19.1754551 0.0000000 0.0000000 1.0000000 27.5590551 0.0000000 0.0000000 0.0000000 1.0000000</matrix>
                                <instance_node url="#ID22" />
                            </node>
                            <node id="ID71" name="instance_41">
                                <matrix>0.7071068 -0.7071068 0.0000000 29.5603046 0.7071068 0.7071068 0.0000000 29.5603046 -0.0000000 0.0000000 1.0000000 86.6141732 0.0000000 0.0000000 0.0000000 1.0000000</matrix>
                                <instance_node url="#ID22" />
                            </node>
                            <node id="ID72" name="instance_42">
                                <matrix>0.5000000 -0.8660254 0.0000000 26.5186526 0.8660254 0.5000000 0.0000000 31.8942462 -0.0000000 0.0000000 1.0000000 90.5511811 0.0000000 0.0000000 0.0000000 1.0000000</matrix>
                                <instance_node url="#ID22" />
                            </node>
                            <node id="ID73" name="instance_43">
                                <matrix>-0.9659258 -0.2588190 0.0000000 4.9894869 0.2588190 -0.9659258 0.0000000 22.9765738 0.0000000 0.0000000 1.0000000 23.6220472 0.0000000 0.0000000 0.0000000 1.0000000</matrix>
                                <instance_node url="#ID22" />
                            </node>
                            <node id="ID74" name="instance_44">
                                <matrix>-0.5000000 -0.8660254 0.0000000 11.8322576 0.8660254 -0.5000000 0.0000000 31.8942462 0.0000000 0.0000000 1.0000000 11.8110236 0.0000000 0.0000000 0.0000000 1.0000000</matrix>
                                <instance_node url="#ID22" />
                            </node>
                            <node id="ID75" name="instance_45">
                                <matrix>0.2588190 -0.9659258 0.0000000 22.9765738 0.9659258 0.2588190 0.0000000 33.3614233 -0.0000000 0.0000000 1.0000000 0.0000000 0.0000000 0.0000000 0.0000000 1.0000000</matrix>
                                <instance_node url="#ID22" />
                            </node>
                            <node id="ID76" name="instance_46">
                                <matrix>-0.2588190 -0.9659258 0.0000000 15.3743364 0.9659258 -0.2588190 0.0000000 33.3614233 0.0000000 0.0000000 1.0000000 7.8740157 0.0000000 0.0000000 0.0000000 1.0000000</matrix>
                                <instance_node url="#ID22" />
                            </node>
                            <node id="ID77" name="instance_47">
                                <matrix>-0.9659258 -0.2588190 0.0000000 4.9894869 0.2588190 -0.9659258 0.0000000 22.9765738 0.0000000 0.0000000 1.0000000 118.1102362 0.0000000 0.0000000 0.0000000 1.0000000</matrix>
                                <instance_node url="#ID22" />
                            </node>
                            <node id="ID78" name="instance_48">
                                <matrix>-0.9659258 0.2588190 0.0000000 4.9894869 -0.2588190 -0.9659258 0.0000000 15.3743364 0.0000000 0.0000000 1.0000000 125.9842520 0.0000000 0.0000000 0.0000000 1.0000000</matrix>
                                <instance_node url="#ID22" />
                            </node>
                            <node id="ID79" name="instance_49">
                                <matrix>0.8660254 0.5000000 0.0000000 31.8942462 -0.5000000 0.8660254 0.0000000 11.8322576 0.0000000 -0.0000000 1.0000000 90.5511811 0.0000000 0.0000000 0.0000000 1.0000000</matrix>
                                <instance_node url="#ID22" />
                            </node>
                            <node id="ID80" name="instance_50">
                                <matrix>0.7071068 0.7071068 0.0000000 29.5603046 -0.7071068 0.7071068 0.0000000 8.7906056 0.0000000 -0.0000000 1.0000000 86.6141732 0.0000000 0.0000000 0.0000000 1.0000000</matrix>
                                <instance_node url="#ID22" />
                            </node>
                            <node id="ID81" name="instance_51">
                                <matrix>-0.0000000 -1.0000000 0.0000000 19.1754551 1.0000000 -0.0000000 0.0000000 33.8618501 0.0000000 0.0000000 1.0000000 27.5590551 0.0000000 0.0000000 0.0000000 1.0000000</matrix>
                                <instance_node url="#ID22" />
                            </node>
                            <node id="ID82" name="instance_52">
                                <matrix>0.5000000 0.8660254 0.0000000 26.5186526 -0.8660254 0.5000000 0.0000000 6.4566639 0.0000000 -0.0000000 1.0000000 82.6771654 0.0000000 0.0000000 0.0000000 1.0000000</matrix>
                                <instance_node url="#ID22" />
                            </node>
                            <node id="ID83" name="instance_53">
                                <matrix>0.2588190 0.9659258 0.0000000 22.9765738 -0.9659258 0.2588190 0.0000000 4.9894869 0.0000000 -0.0000000 1.0000000 78.7401575 0.0000000 0.0000000 0.0000000 1.0000000</matrix>
                                <instance_node url="#ID22" />
                            </node>
                            <node id="ID84" name="instance_54">
                                <matrix>0.0000000 1.0000000 0.0000000 19.1754551 -1.0000000 0.0000000 0.0000000 4.4890601 0.0000000 -0.0000000 1.0000000 74.8031496 0.0000000 0.0000000 0.0000000 1.0000000</matrix>
                                <instance_node url="#ID22" />
                            </node>
                            <node id="ID85" name="instance_55">
                                <matrix>-0.2588190 0.9659258 0.0000000 15.3743364 -0.9659258 -0.2588190 0.0000000 4.9894869 0.0000000 0.0000000 1.0000000 70.8661417 0.0000000 0.0000000 0.0000000 1.0000000</matrix>
                                <instance_node url="#ID22" />
                            </node>
                            <node id="ID86" name="instance_56">
                                <matrix>-0.5000000 0.8660254 0.0000000 11.8322576 -0.8660254 -0.5000000 0.0000000 6.4566639 0.0000000 0.0000000 1.0000000 66.9291339 0.0000000 0.0000000 0.0000000 1.0000000</matrix>
                                <instance_node url="#ID22" />
                            </node>
                            <node id="ID87" name="instance_57">
                                <matrix>-0.7071068 0.7071068 0.0000000 8.7906056 -0.7071068 -0.7071068 0.0000000 8.7906056 0.0000000 0.0000000 1.0000000 62.9921260 0.0000000 0.0000000 0.0000000 1.0000000</matrix>
                                <instance_node url="#ID22" />
                            </node>
                            <node id="ID88" name="instance_58">
                                <matrix>-0.8660254 0.5000000 0.0000000 6.4566639 -0.5000000 -0.8660254 0.0000000 11.8322576 0.0000000 0.0000000 1.0000000 59.0551181 0.0000000 0.0000000 0.0000000 1.0000000</matrix>
                                <instance_node url="#ID22" />
                            </node>
                            <node id="ID89" name="instance_59">
                                <matrix>-0.9659258 0.2588190 0.0000000 4.9894869 -0.2588190 -0.9659258 0.0000000 15.3743364 0.0000000 0.0000000 1.0000000 55.1181102 0.0000000 0.0000000 0.0000000 1.0000000</matrix>
                                <instance_node url="#ID22" />
                            </node>
                            <node id="ID90" name="instance_60">
                                <matrix>-1.0000000 0.0000000 0.0000000 4.4890601 -0.0000000 -1.0000000 0.0000000 19.1754551 0.0000000 0.0000000 1.0000000 51.1811024 0.0000000 0.0000000 0.0000000 1.0000000</matrix>
                                <instance_node url="#ID22" />
                            </node>
                            <node id="ID91" name="instance_61">
                                <matrix>-0.9659258 -0.2588190 0.0000000 4.9894869 0.2588190 -0.9659258 0.0000000 22.9765738 0.0000000 0.0000000 1.0000000 47.2440945 0.0000000 0.0000000 0.0000000 1.0000000</matrix>
                                <instance_node url="#ID22" />
                            </node>
                            <node id="ID92" name="instance_62">
                                <matrix>-0.8660254 -0.5000000 0.0000000 6.4566639 0.5000000 -0.8660254 0.0000000 26.5186526 0.0000000 0.0000000 1.0000000 43.3070866 0.0000000 0.0000000 0.0000000 1.0000000</matrix>
                                <instance_node url="#ID22" />
                            </node>
                            <node id="ID93" name="instance_63">
                                <matrix>-0.7071068 -0.7071068 0.0000000 8.7906056 0.7071068 -0.7071068 0.0000000 29.5603046 0.0000000 0.0000000 1.0000000 39.3700787 0.0000000 0.0000000 0.0000000 1.0000000</matrix>
                                <instance_node url="#ID22" />
                            </node>
                            <node id="ID94" name="instance_64">
                                <matrix>-0.5000000 -0.8660254 0.0000000 11.8322576 0.8660254 -0.5000000 0.0000000 31.8942462 0.0000000 0.0000000 1.0000000 35.4330709 0.0000000 0.0000000 0.0000000 1.0000000</matrix>
                                <instance_node url="#ID22" />
                            </node>
                            <node id="ID95" name="instance_65">
                                <matrix>-0.2588190 -0.9659258 0.0000000 15.3743364 0.9659258 -0.2588190 0.0000000 33.3614233 0.0000000 0.0000000 1.0000000 31.4960630 0.0000000 0.0000000 0.0000000 1.0000000</matrix>
                                <instance_node url="#ID22" />
                            </node>
                            <node id="ID96" name="instance_66">
                                <matrix>-0.2588190 0.9659258 0.0000000 15.3743364 -0.9659258 -0.2588190 0.0000000 4.9894869 0.0000000 0.0000000 1.0000000 118.1102362 0.0000000 0.0000000 0.0000000 1.0000000</matrix>
                                <instance_node url="#ID22" />
                            </node>
                            <node id="ID97" name="instance_67">
                                <matrix>-0.9659258 -0.2588190 0.0000000 4.9894869 0.2588190 -0.9659258 0.0000000 22.9765738 0.0000000 0.0000000 1.0000000 0.0000000 0.0000000 0.0000000 0.0000000 1.0000000</matrix>
                                <instance_node url="#ID22" />
                            </node>
                            <node id="ID98" name="instance_68">
                                <matrix>-0.9659258 0.2588190 0.0000000 4.9894869 -0.2588190 -0.9659258 0.0000000 15.3743364 0.0000000 0.0000000 1.0000000 7.8740157 0.0000000 0.0000000 0.0000000 1.0000000</matrix>
                                <instance_node url="#ID22" />
                            </node>
                            <node id="ID99" name="instance_69">
                                <matrix>1.0000000 0.0000000 0.0000000 33.8618501 0.0000000 1.0000000 0.0000000 19.1754551 0.0000000 0.0000000 1.0000000 51.1811024 0.0000000 0.0000000 0.0000000 1.0000000</matrix>
                                <instance_node url="#ID22" />
                            </node>
                            <node id="ID100" name="instance_70">
                                <matrix>0.9659258 0.2588190 0.0000000 33.3614233 -0.2588190 0.9659258 0.0000000 15.3743364 0.0000000 -0.0000000 1.0000000 47.2440945 0.0000000 0.0000000 0.0000000 1.0000000</matrix>
                                <instance_node url="#ID22" />
                            </node>
                            <node id="ID101" name="instance_71">
                                <matrix>0.5000000 0.8660254 0.0000000 26.5186526 -0.8660254 0.5000000 0.0000000 6.4566639 0.0000000 -0.0000000 1.0000000 59.0551181 0.0000000 0.0000000 0.0000000 1.0000000</matrix>
                                <instance_node url="#ID22" />
                            </node>
                            <node id="ID102" name="instance_72">
                                <matrix>0.7071068 0.7071068 0.0000000 29.5603046 -0.7071068 0.7071068 0.0000000 8.7906056 0.0000000 -0.0000000 1.0000000 62.9921260 0.0000000 0.0000000 0.0000000 1.0000000</matrix>
                                <instance_node url="#ID22" />
                            </node>
                            <node id="ID103" name="instance_73">
                                <matrix>0.8660254 0.5000000 0.0000000 31.8942462 -0.5000000 0.8660254 0.0000000 11.8322576 0.0000000 -0.0000000 1.0000000 66.9291339 0.0000000 0.0000000 0.0000000 1.0000000</matrix>
                                <instance_node url="#ID22" />
                            </node>
                            <node id="ID104" name="instance_74">
                                <matrix>0.9659258 0.2588190 0.0000000 33.3614233 -0.2588190 0.9659258 0.0000000 15.3743364 0.0000000 -0.0000000 1.0000000 70.8661417 0.0000000 0.0000000 0.0000000 1.0000000</matrix>
                                <instance_node url="#ID22" />
                            </node>
                            <node id="ID105" name="instance_75">
                                <matrix>0.7071068 0.7071068 0.0000000 29.5603046 -0.7071068 0.7071068 0.0000000 8.7906056 0.0000000 -0.0000000 1.0000000 133.8582677 0.0000000 0.0000000 0.0000000 1.0000000</matrix>
                                <instance_node url="#ID22" />
                            </node>
                            <node id="ID106" name="instance_76">
                                <matrix>0.0000000 -1.0000000 0.0000000 19.1754551 1.0000000 0.0000000 0.0000000 33.8618501 -0.0000000 0.0000000 1.0000000 74.8031496 0.0000000 0.0000000 0.0000000 1.0000000</matrix>
                                <instance_node url="#ID22" />
                            </node>
                            <node id="ID107" name="instance_77">
                                <matrix>-0.2588190 -0.9659258 0.0000000 15.3743364 0.9659258 -0.2588190 0.0000000 33.3614233 0.0000000 0.0000000 1.0000000 78.7401575 0.0000000 0.0000000 0.0000000 1.0000000</matrix>
                                <instance_node url="#ID22" />
                            </node>
                            <node id="ID108" name="instance_78">
                                <matrix>-0.8660254 -0.5000000 0.0000000 6.4566639 0.5000000 -0.8660254 0.0000000 26.5186526 0.0000000 0.0000000 1.0000000 114.1732283 0.0000000 0.0000000 0.0000000 1.0000000</matrix>
                                <instance_node url="#ID22" />
                            </node>
                            <node id="ID109" name="instance_79">
                                <matrix>-0.5000000 0.8660254 0.0000000 11.8322576 -0.8660254 -0.5000000 0.0000000 6.4566639 0.0000000 0.0000000 1.0000000 137.7952756 0.0000000 0.0000000 0.0000000 1.0000000</matrix>
                                <instance_node url="#ID22" />
                            </node>
                            <node id="ID110" name="instance_80">
                                <matrix>-0.5000000 -0.8660254 0.0000000 11.8322576 0.8660254 -0.5000000 0.0000000 31.8942462 0.0000000 0.0000000 1.0000000 82.6771654 0.0000000 0.0000000 0.0000000 1.0000000</matrix>
                                <instance_node url="#ID22" />
                            </node>
                            <node id="ID111" name="instance_81">
                                <matrix>0.0000000 1.0000000 0.0000000 19.1754551 -1.0000000 0.0000000 0.0000000 4.4890601 0.0000000 -0.0000000 1.0000000 27.5590551 0.0000000 0.0000000 0.0000000 1.0000000</matrix>
                                <instance_node url="#ID22" />
                            </node>
                            <node id="ID112" name="instance_82">
                                <matrix>-0.7071068 -0.7071068 0.0000000 8.7906056 0.7071068 -0.7071068 0.0000000 29.5603046 0.0000000 0.0000000 1.0000000 86.6141732 0.0000000 0.0000000 0.0000000 1.0000000</matrix>
                                <instance_node url="#ID22" />
                            </node>
                            <node id="ID113" name="instance_83">
                                <matrix>-0.2588190 -0.9659258 0.0000000 15.3743364 0.9659258 -0.2588190 0.0000000 33.3614233 0.0000000 0.0000000 1.0000000 55.1181102 0.0000000 0.0000000 0.0000000 1.0000000</matrix>
                                <instance_node url="#ID22" />
                            </node>
                            <node id="ID114" name="instance_84">
                                <matrix>-0.0000000 1.0000000 0.0000000 19.1754551 -1.0000000 -0.0000000 0.0000000 4.4890601 0.0000000 0.0000000 1.0000000 3.9370079 0.0000000 0.0000000 0.0000000 1.0000000</matrix>
                                <instance_node url="#ID22" />
                            </node>
                            <node id="ID115" name="instance_85">
                                <matrix>-0.8660254 -0.5000000 0.0000000 6.4566639 0.5000000 -0.8660254 0.0000000 26.5186526 0.0000000 0.0000000 1.0000000 90.5511811 0.0000000 0.0000000 0.0000000 1.0000000</matrix>
                                <instance_node url="#ID22" />
                            </node>
                            <node id="ID116" name="instance_86">
                                <matrix>-0.2588190 0.9659258 0.0000000 15.3743364 -0.9659258 -0.2588190 0.0000000 4.9894869 0.0000000 0.0000000 1.0000000 23.6220472 0.0000000 0.0000000 0.0000000 1.0000000</matrix>
                                <instance_node url="#ID22" />
                            </node>
                            <node id="ID117" name="instance_87">
                                <matrix>-0.8660254 0.5000000 0.0000000 6.4566639 -0.5000000 -0.8660254 0.0000000 11.8322576 0.0000000 0.0000000 1.0000000 11.8110236 0.0000000 0.0000000 0.0000000 1.0000000</matrix>
                                <instance_node url="#ID22" />
                            </node>
                            <node id="ID118" name="instance_88">
                                <matrix>-0.8660254 -0.5000000 0.0000000 6.4566639 0.5000000 -0.8660254 0.0000000 26.5186526 0.0000000 0.0000000 1.0000000 19.6850394 0.0000000 0.0000000 0.0000000 1.0000000</matrix>
                                <instance_node url="#ID22" />
                            </node>
                            <node id="ID119" name="instance_89">
                                <matrix>-0.5000000 0.8660254 0.0000000 11.8322576 -0.8660254 -0.5000000 0.0000000 6.4566639 0.0000000 0.0000000 1.0000000 43.3070866 0.0000000 0.0000000 0.0000000 1.0000000</matrix>
                                <instance_node url="#ID22" />
                            </node>
                            <node id="ID120" name="instance_90">
                                <matrix>-0.7071068 0.7071068 0.0000000 8.7906056 -0.7071068 -0.7071068 0.0000000 8.7906056 0.0000000 0.0000000 1.0000000 39.3700787 0.0000000 0.0000000 0.0000000 1.0000000</matrix>
                                <instance_node url="#ID22" />
                            </node>
                            <node id="ID121" name="instance_91">
                                <matrix>-0.8660254 0.5000000 0.0000000 6.4566639 -0.5000000 -0.8660254 0.0000000 11.8322576 0.0000000 0.0000000 1.0000000 35.4330709 0.0000000 0.0000000 0.0000000 1.0000000</matrix>
                                <instance_node url="#ID22" />
                            </node>
                            <node id="ID122" name="instance_92">
                                <matrix>0.2588190 0.9659258 0.0000000 22.9765738 -0.9659258 0.2588190 0.0000000 4.9894869 0.0000000 -0.0000000 1.0000000 102.3622047 0.0000000 0.0000000 0.0000000 1.0000000</matrix>
                                <instance_node url="#ID22" />
                            </node>
                            <node id="ID123" name="instance_93">
                                <matrix>0.7071068 0.7071068 0.0000000 29.5603046 -0.7071068 0.7071068 0.0000000 8.7906056 0.0000000 -0.0000000 1.0000000 110.2362205 0.0000000 0.0000000 0.0000000 1.0000000</matrix>
                                <instance_node url="#ID22" />
                            </node>
                            <node id="ID124" name="instance_94">
                                <matrix>0.8660254 -0.5000000 0.0000000 31.8942462 0.5000000 0.8660254 0.0000000 26.5186526 -0.0000000 0.0000000 1.0000000 129.9212598 0.0000000 0.0000000 0.0000000 1.0000000</matrix>
                                <instance_node url="#ID22" />
                            </node>
                            <node id="ID125" name="instance_95">
                                <matrix>0.9659258 -0.2588190 0.0000000 33.3614233 0.2588190 0.9659258 0.0000000 22.9765738 -0.0000000 0.0000000 1.0000000 31.4960630 0.0000000 0.0000000 0.0000000 1.0000000</matrix>
                                <instance_node url="#ID22" />
                            </node>
                            <node id="ID126" name="instance_96">
                                <matrix>-0.9659258 0.2588190 0.0000000 4.9894869 -0.2588190 -0.9659258 0.0000000 15.3743364 0.0000000 0.0000000 1.0000000 78.7401575 0.0000000 0.0000000 0.0000000 1.0000000</matrix>
                                <instance_node url="#ID22" />
                            </node>
                            <node id="ID127" name="instance_97">
                                <matrix>0.5000000 0.8660254 0.0000000 26.5186526 -0.8660254 0.5000000 0.0000000 6.4566639 0.0000000 -0.0000000 1.0000000 106.2992126 0.0000000 0.0000000 0.0000000 1.0000000</matrix>
                                <instance_node url="#ID22" />
                            </node>
                            <node id="ID128" name="instance_98">
