<?xml version="1.0" encoding="UTF-8" standalone="no" ?>
<COLLADA xmlns="http://www.collada.org/2005/11/COLLADASchema" version="1.4.1">
    <asset>
        <contributor>
            <authoring_tool>SketchUp 14.0.4899</authoring_tool>
        </contributor>
        <created>2014-06-02T16:44:53Z</created>
        <modified>2014-06-02T16:44:53Z</modified>
        <unit meter="0.0254000" name="inch" />
        <up_axis>Z_UP</up_axis>
    </asset>
    <library_visual_scenes>
        <visual_scene id="ID1">
            <node name="SketchUp">
                <instance_geometry url="#ID82">
                    <bind_material>
                        <technique_common>
                            <instance_material symbol="Material2" target="#ID74">
                                <bind_vertex_input semantic="UVSET0" input_semantic="TEXCOORD" input_set="0" />
                            </instance_material>
                            <instance_material symbol="Material3" target="#ID79">
                                <bind_vertex_input semantic="UVSET0" input_semantic="TEXCOORD" input_set="0" />
                            </instance_material>
                        </technique_common>
                    </bind_material>
                </instance_geometry>
                <instance_geometry url="#ID88">
                    <bind_material>
                        <technique_common>
                            <instance_material symbol="Material2" target="#ID79">
                                <bind_vertex_input semantic="UVSET0" input_semantic="TEXCOORD" input_set="0" />
                            </instance_material>
                            <instance_material symbol="Material3" target="#ID89">
                                <bind_vertex_input semantic="UVSET0" input_semantic="TEXCOORD" input_set="0" />
                            </instance_material>
                        </technique_common>
                    </bind_material>
                </instance_geometry>
                <instance_geometry url="#ID101">
                    <bind_material>
                        <technique_common>
                            <instance_material symbol="Material2" target="#ID74">
                                <bind_vertex_input semantic="UVSET0" input_semantic="TEXCOORD" input_set="0" />
                            </instance_material>
                            <instance_material symbol="Material3" target="#ID79">
                                <bind_vertex_input semantic="UVSET0" input_semantic="TEXCOORD" input_set="0" />
                            </instance_material>
                        </technique_common>
                    </bind_material>
                </instance_geometry>
                <instance_geometry url="#ID107">
                    <bind_material>
                        <technique_common>
                            <instance_material symbol="Material2" target="#ID108">
                                <bind_vertex_input semantic="UVSET0" input_semantic="TEXCOORD" input_set="0" />
                            </instance_material>
                        </technique_common>
                    </bind_material>
                </instance_geometry>
                <node id="ID2" name="instance_0">
                    <matrix>2.1312000 0.0000000 0.0000000 -73.0725680 0.0000000 2.1312000 0.0000000 -59.8971638 0.0000000 0.0000000 1.3207951 -0.0000000 0.0000000 0.0000000 0.0000000 1.0000000</matrix>
                    <instance_node url="#ID3" />
                </node>
            </node>
        </visual_scene>
    </library_visual_scenes>
    <library_nodes>
        <node id="ID3" name="Component_1">
            <instance_geometry url="#ID72">
                <bind_material>
                    <technique_common>
                        <instance_material symbol="Material2" target="#ID74">
                            <bind_vertex_input semantic="UVSET0" input_semantic="TEXCOORD" input_set="0" />
                        </instance_material>
                        <instance_material symbol="Material3" target="#ID79">
                            <bind_vertex_input semantic="UVSET0" input_semantic="TEXCOORD" input_set="0" />
                        </instance_material>
                    </technique_common>
                </bind_material>
            </instance_geometry>
            <node id="ID4" name="instance_1">
                <matrix>0.9848078 -0.1736482 0.0000000 65.0671527 0.1736482 0.9848078 0.0000000 1.5606855 -0.0000000 0.0000000 1.0000000 7.5000000 0.0000000 0.0000000 0.0000000 1.0000000</matrix>
                <instance_node url="#ID5" />
            </node>
            <node id="ID14" name="instance_2">
                <matrix>1.0000000 0.0000000 0.0000000 54.5571086 0.0000000 1.0000000 0.0000000 1.6910398 0.0000000 0.0000000 1.0000000 -0.0000000 0.0000000 0.0000000 0.0000000 1.0000000</matrix>
                <instance_node url="#ID5" />
            </node>
            <node id="ID15" name="instance_3">
                <matrix>0.9396926 -0.3420202 0.0000000 75.4401623 0.3420202 0.9396926 0.0000000 3.2573619 -0.0000000 0.0000000 1.0000000 15.4972597 0.0000000 0.0000000 0.0000000 1.0000000</matrix>
                <instance_node url="#ID5" />
            </node>
            <node id="ID16" name="instance_4">
                <matrix>0.6427876 -0.7660444 0.0000000 102.6630495 0.7660444 0.6427876 0.0000000 18.5275165 -0.0000000 0.0000000 1.0000000 38.5000000 0.0000000 0.0000000 0.0000000 1.0000000</matrix>
                <instance_node url="#ID5" />
            </node>
            <node id="ID17" name="instance_5">
                <matrix>0.7660444 -0.6427876 0.0000000 94.5280992 0.6427876 0.7660444 0.0000000 11.8716480 -0.0000000 0.0000000 1.0000000 31.0000000 0.0000000 0.0000000 0.0000000 1.0000000</matrix>
                <instance_node url="#ID5" />
            </node>
            <node id="ID18" name="instance_6">
                <matrix>0.8660254 -0.5000000 0.0000000 85.3609561 0.5000000 0.8660254 0.0000000 6.7295156 -0.0000000 0.0000000 1.0000000 23.0896652 0.0000000 0.0000000 0.0000000 1.0000000</matrix>
                <instance_node url="#ID5" />
            </node>
            <node id="ID19" name="instance_7">
                <matrix>0.5000000 -0.8660254 0.0000000 109.5186328 0.8660254 0.5000000 0.0000000 26.4948874 -0.0000000 0.0000000 1.0000000 46.0000000 0.0000000 0.0000000 0.0000000 1.0000000</matrix>
                <instance_node url="#ID5" />
            </node>
            <node id="ID20" name="instance_8">
                <matrix>0.3420201 -0.9396926 0.0000000 114.8865450 0.9396926 0.3420201 0.0000000 35.5316755 -0.0000000 0.0000000 1.0000000 53.4235588 0.0000000 0.0000000 0.0000000 1.0000000</matrix>
                <instance_node url="#ID5" />
            </node>
            <node id="ID21" name="instance_9">
                <matrix>-0.1736482 0.9848078 0.0000000 2.5105325 -0.9848078 -0.1736482 0.0000000 78.0187770 0.0000000 0.0000000 1.0000000 61.9544656 0.0000000 0.0000000 0.0000000 1.0000000</matrix>
                <instance_node url="#ID5" />
            </node>
            <node id="ID22" name="instance_10">
                <matrix>0.9238795 -0.3826834 0.0000000 29.7401145 0.3826834 0.9238795 0.0000000 -16.2882909 -0.0000000 0.0000000 1.0000000 156.9954967 0.0000000 0.0000000 0.0000000 1.0000000</matrix>
                <instance_node url="#ID23" />
            </node>
            <node id="ID34" name="instance_21">
                <matrix>-0.0000000 1.0000000 0.0000000 0.5571086 -1.0000000 -0.0000000 0.0000000 67.6910398 0.0000000 0.0000000 1.0000000 69.3871985 0.0000000 0.0000000 0.0000000 1.0000000</matrix>
                <instance_node url="#ID5" />
            </node>
            <node id="ID35" name="instance_22">
                <matrix>-0.1736482 -0.9848078 0.0000000 132.2877722 0.9848078 -0.1736482 0.0000000 11.3550416 0.0000000 0.0000000 1.0000000 78.6326952 0.0000000 0.0000000 0.0000000 1.0000000</matrix>
                <instance_node url="#ID36" />
            </node>
            <node id="ID47" name="instance_33">
                <matrix>-0.5000000 -0.8660254 0.0000000 145.0983602 0.8660254 -0.5000000 0.0000000 39.8334019 0.0000000 0.0000000 1.0000000 233.9857681 0.0000000 0.0000000 0.0000000 1.0000000</matrix>
                <instance_node url="#ID48" />
            </node>
            <node id="ID59" name="instance_44">
                <matrix>-0.7660444 0.6427876 0.0000000 67.5418302 -0.6427876 -0.7660444 0.0000000 146.4974660 0.0000000 0.0000000 1.0000000 310.9414900 0.0000000 0.0000000 0.0000000 1.0000000</matrix>
                <instance_node url="#ID60" />
            </node>
            <node id="ID71" name="instance_55">
                <matrix>-0.8038569 -0.5948228 0.0000000 140.7351074 0.5948228 -0.8038569 0.0000000 77.5575394 0.0000000 0.0000000 1.0000000 387.6208072 0.0000000 0.0000000 0.0000000 1.0000000</matrix>
                <instance_node url="#ID48" />
            </node>
        </node>
        <node id="ID5" name="Component_2">
            <instance_geometry url="#ID6">
                <bind_material>
                    <technique_common>
                        <instance_material symbol="Material2" target="#ID7">
                            <bind_vertex_input semantic="UVSET0" input_semantic="TEXCOORD" input_set="0" />
                        </instance_material>
                    </technique_common>
                </bind_material>
            </instance_geometry>
        </node>
        <node id="ID23" name="Component_3">
            <node id="ID24" name="instance_11">
                <matrix>1.0000000 0.0000000 0.0000000 54.1303542 0.0000000 1.0000000 0.0000000 0.1303542 0.0000000 0.0000000 1.0000000 -0.0000000 0.0000000 0.0000000 0.0000000 1.0000000</matrix>
                <instance_node url="#ID5" />
            </node>
            <node id="ID25" name="instance_12">
                <matrix>0.9848078 -0.1736482 0.0000000 64.6403984 0.1736482 0.9848078 0.0000000 -0.0000000 -0.0000000 0.0000000 1.0000000 7.5000000 0.0000000 0.0000000 0.0000000 1.0000000</matrix>
                <instance_node url="#ID5" />
            </node>
            <node id="ID26" name="instance_13">
                <matrix>0.8660254 -0.5000000 0.0000000 84.9342018 0.5000000 0.8660254 0.0000000 5.1688300 -0.0000000 0.0000000 1.0000000 23.0896652 0.0000000 0.0000000 0.0000000 1.0000000</matrix>
                <instance_node url="#ID5" />
            </node>
            <node id="ID27" name="instance_14">
                <matrix>0.5000000 -0.8660254 0.0000000 109.0918785 0.8660254 0.5000000 0.0000000 24.9342018 -0.0000000 0.0000000 1.0000000 46.0000000 0.0000000 0.0000000 0.0000000 1.0000000</matrix>
                <instance_node url="#ID5" />
            </node>
            <node id="ID28" name="instance_15">
                <matrix>0.3420201 -0.9396926 0.0000000 114.4597906 0.9396926 0.3420201 0.0000000 33.9709899 -0.0000000 0.0000000 1.0000000 53.4235588 0.0000000 0.0000000 0.0000000 1.0000000</matrix>
                <instance_node url="#ID5" />
            </node>
            <node id="ID29" name="instance_16">
                <matrix>-0.1736482 0.9848078 0.0000000 2.0837781 -0.9848078 -0.1736482 0.0000000 76.4580914 0.0000000 0.0000000 1.0000000 61.9544656 0.0000000 0.0000000 0.0000000 1.0000000</matrix>
                <instance_node url="#ID5" />
            </node>
            <node id="ID30" name="instance_17">
                <matrix>-0.0000000 1.0000000 0.0000000 0.1303542 -1.0000000 -0.0000000 0.0000000 66.1303542 0.0000000 0.0000000 1.0000000 69.3871985 0.0000000 0.0000000 0.0000000 1.0000000</matrix>
                <instance_node url="#ID5" />
            </node>
            <node id="ID31" name="instance_18">
                <matrix>0.9396926 -0.3420202 0.0000000 75.0134080 0.3420202 0.9396926 0.0000000 1.6966764 -0.0000000 0.0000000 1.0000000 15.4972597 0.0000000 0.0000000 0.0000000 1.0000000</matrix>
                <instance_node url="#ID5" />
            </node>
            <node id="ID32" name="instance_19">
                <matrix>0.6427876 -0.7660444 0.0000000 102.2362952 0.7660444 0.6427876 0.0000000 16.9668310 -0.0000000 0.0000000 1.0000000 38.5000000 0.0000000 0.0000000 0.0000000 1.0000000</matrix>
                <instance_node url="#ID5" />
            </node>
            <node id="ID33" name="instance_20">
                <matrix>0.7660444 -0.6427876 0.0000000 94.1013449 0.6427876 0.7660444 0.0000000 10.3109625 -0.0000000 0.0000000 1.0000000 31.0000000 0.0000000 0.0000000 0.0000000 1.0000000</matrix>
                <instance_node url="#ID5" />
            </node>
        </node>
        <node id="ID36" name="Component_4">
            <node id="ID37" name="instance_23">
                <matrix>1.0000000 0.0000000 0.0000000 54.1303542 0.0000000 1.0000000 0.0000000 0.1303542 0.0000000 0.0000000 1.0000000 -0.0000000 0.0000000 0.0000000 0.0000000 1.0000000</matrix>
                <instance_node url="#ID5" />
            </node>
            <node id="ID38" name="instance_24">
                <matrix>0.9848078 -0.1736482 0.0000000 64.6403984 0.1736482 0.9848078 0.0000000 -0.0000000 -0.0000000 0.0000000 1.0000000 7.5000000 0.0000000 0.0000000 0.0000000 1.0000000</matrix>
                <instance_node url="#ID5" />
            </node>
            <node id="ID39" name="instance_25">
                <matrix>0.9396926 -0.3420202 0.0000000 75.0134080 0.3420202 0.9396926 0.0000000 1.6966764 -0.0000000 0.0000000 1.0000000 15.4972597 0.0000000 0.0000000 0.0000000 1.0000000</matrix>
                <instance_node url="#ID5" />
            </node>
            <node id="ID40" name="instance_26">
                <matrix>0.6427876 -0.7660444 0.0000000 102.2362952 0.7660444 0.6427876 0.0000000 16.9668310 -0.0000000 0.0000000 1.0000000 38.5000000 0.0000000 0.0000000 0.0000000 1.0000000</matrix>
                <instance_node url="#ID5" />
            </node>
            <node id="ID41" name="instance_27">
                <matrix>0.7660444 -0.6427876 0.0000000 94.1013449 0.6427876 0.7660444 0.0000000 10.3109625 -0.0000000 0.0000000 1.0000000 31.0000000 0.0000000 0.0000000 0.0000000 1.0000000</matrix>
                <instance_node url="#ID5" />
            </node>
            <node id="ID42" name="instance_28">
                <matrix>0.8660254 -0.5000000 0.0000000 84.9342018 0.5000000 0.8660254 0.0000000 5.1688300 -0.0000000 0.0000000 1.0000000 23.0896652 0.0000000 0.0000000 0.0000000 1.0000000</matrix>
                <instance_node url="#ID5" />
            </node>
            <node id="ID43" name="instance_29">
                <matrix>0.5000000 -0.8660254 0.0000000 109.0918785 0.8660254 0.5000000 0.0000000 24.9342018 -0.0000000 0.0000000 1.0000000 46.0000000 0.0000000 0.0000000 0.0000000 1.0000000</matrix>
                <instance_node url="#ID5" />
            </node>
            <node id="ID44" name="instance_30">
                <matrix>0.3420201 -0.9396926 0.0000000 114.4597906 0.9396926 0.3420201 0.0000000 33.9709899 -0.0000000 0.0000000 1.0000000 53.4235588 0.0000000 0.0000000 0.0000000 1.0000000</matrix>
                <instance_node url="#ID5" />
            </node>
            <node id="ID45" name="instance_31">
                <matrix>-0.1736482 0.9848078 0.0000000 2.0837781 -0.9848078 -0.1736482 0.0000000 76.4580914 0.0000000 0.0000000 1.0000000 61.9544656 0.0000000 0.0000000 0.0000000 1.0000000</matrix>
                <instance_node url="#ID5" />
            </node>
            <node id="ID46" name="instance_32">
                <matrix>-0.0000000 1.0000000 0.0000000 0.1303542 -1.0000000 -0.0000000 0.0000000 66.1303542 0.0000000 0.0000000 1.0000000 69.3871985 0.0000000 0.0000000 0.0000000 1.0000000</matrix>
                <instance_node url="#ID5" />
            </node>
        </node>
        <node id="ID48" name="Component_5">
            <node id="ID49" name="instance_34">
                <matrix>0.9848078 -0.1736482 0.0000000 64.6403984 0.1736482 0.9848078 0.0000000 -0.0000000 -0.0000000 0.0000000 1.0000000 7.5000000 0.0000000 0.0000000 0.0000000 1.0000000</matrix>
                <instance_node url="#ID5" />
            </node>
            <node id="ID50" name="instance_35">
                <matrix>1.0000000 0.0000000 0.0000000 54.1303542 0.0000000 1.0000000 0.0000000 0.1303542 0.0000000 0.0000000 1.0000000 -0.0000000 0.0000000 0.0000000 0.0000000 1.0000000</matrix>
                <instance_node url="#ID5" />
            </node>
            <node id="ID51" name="instance_36">
                <matrix>0.9396926 -0.3420202 0.0000000 75.0134080 0.3420202 0.9396926 0.0000000 1.6966764 -0.0000000 0.0000000 1.0000000 15.4972597 0.0000000 0.0000000 0.0000000 1.0000000</matrix>
                <instance_node url="#ID5" />
            </node>
            <node id="ID52" name="instance_37">
                <matrix>0.6427876 -0.7660444 0.0000000 102.2362952 0.7660444 0.6427876 0.0000000 16.9668310 -0.0000000 0.0000000 1.0000000 38.5000000 0.0000000 0.0000000 0.0000000 1.0000000</matrix>
                <instance_node url="#ID5" />
            </node>
            <node id="ID53" name="instance_38">
                <matrix>0.7660444 -0.6427876 0.0000000 94.1013449 0.6427876 0.7660444 0.0000000 10.3109625 -0.0000000 0.0000000 1.0000000 31.0000000 0.0000000 0.0000000 0.0000000 1.0000000</matrix>
                <instance_node url="#ID5" />
            </node>
            <node id="ID54" name="instance_39">
                <matrix>0.8660254 -0.5000000 0.0000000 84.9342018 0.5000000 0.8660254 0.0000000 5.1688300 -0.0000000 0.0000000 1.0000000 23.0896652 0.0000000 0.0000000 0.0000000 1.0000000</matrix>
                <instance_node url="#ID5" />
            </node>
            <node id="ID55" name="instance_40">
                <matrix>0.5000000 -0.8660254 0.0000000 109.0918785 0.8660254 0.5000000 0.0000000 24.9342018 -0.0000000 0.0000000 1.0000000 46.0000000 0.0000000 0.0000000 0.0000000 1.0000000</matrix>
                <instance_node url="#ID5" />
            </node>
            <node id="ID56" name="instance_41">
                <matrix>0.3420201 -0.9396926 0.0000000 114.4597906 0.9396926 0.3420201 0.0000000 33.9709899 -0.0000000 0.0000000 1.0000000 53.4235588 0.0000000 0.0000000 0.0000000 1.0000000</matrix>
                <instance_node url="#ID5" />
            </node>
            <node id="ID57" name="instance_42">
                <matrix>-0.1736482 0.9848078 0.0000000 2.0837781 -0.9848078 -0.1736482 0.0000000 76.4580914 0.0000000 0.0000000 1.0000000 61.9544656 0.0000000 0.0000000 0.0000000 1.0000000</matrix>
                <instance_node url="#ID5" />
            </node>
            <node id="ID58" name="instance_43">
                <matrix>-0.0000000 1.0000000 0.0000000 0.1303542 -1.0000000 -0.0000000 0.0000000 66.1303542 0.0000000 0.0000000 1.0000000 69.3871985 0.0000000 0.0000000 0.0000000 1.0000000</matrix>
                <instance_node url="#ID5" />
            </node>
        </node>
        <node id="ID60" name="Component_6">
            <node id="ID61" name="instance_45">
                <matrix>-0.0000000 1.0000000 0.0000000 0.1303542 -1.0000000 -0.0000000 0.0000000 66.1303542 0.0000000 0.0000000 1.0000000 69.3871985 0.0000000 0.0000000 0.0000000 1.0000000</matrix>
                <instance_node url="#ID5" />
            </node>
            <node id="ID62" name="instance_46">
                <matrix>0.9396926 -0.3420202 0.0000000 75.0134080 0.3420202 0.9396926 0.0000000 1.6966764 -0.0000000 0.0000000 1.0000000 15.4972597 0.0000000 0.0000000 0.0000000 1.0000000</matrix>
                <instance_node url="#ID5" />
            </node>
            <node id="ID63" name="instance_47">
                <matrix>1.0000000 0.0000000 0.0000000 54.1303542 0.0000000 1.0000000 0.0000000 0.1303542 0.0000000 0.0000000 1.0000000 -0.0000000 0.0000000 0.0000000 0.0000000 1.0000000</matrix>
                <instance_node url="#ID5" />
            </node>
            <node id="ID64" name="instance_48">
                <matrix>0.6427876 -0.7660444 0.0000000 102.2362952 0.7660444 0.6427876 0.0000000 16.9668310 -0.0000000 0.0000000 1.0000000 38.5000000 0.0000000 0.0000000 0.0000000 1.0000000</matrix>
                <instance_node url="#ID5" />
            </node>
            <node id="ID65" name="instance_49">
                <matrix>0.9848078 -0.1736482 0.0000000 64.6403984 0.1736482 0.9848078 0.0000000 -0.0000000 -0.0000000 0.0000000 1.0000000 7.5000000 0.0000000 0.0000000 0.0000000 1.0000000</matrix>
                <instance_node url="#ID5" />
            </node>
            <node id="ID66" name="instance_50">
                <matrix>0.7660444 -0.6427876 0.0000000 94.1013449 0.6427876 0.7660444 0.0000000 10.3109625 -0.0000000 0.0000000 1.0000000 31.0000000 0.0000000 0.0000000 0.0000000 1.0000000</matrix>
                <instance_node url="#ID5" />
            </node>
            <node id="ID67" name="instance_51">
                <matrix>-0.1736482 0.9848078 0.0000000 2.0837781 -0.9848078 -0.1736482 0.0000000 76.4580914 0.0000000 0.0000000 1.0000000 61.9544656 0.0000000 0.0000000 0.0000000 1.0000000</matrix>
                <instance_node url="#ID5" />
            </node>
            <node id="ID68" name="instance_52">
                <matrix>0.3420201 -0.9396926 0.0000000 114.4597906 0.9396926 0.3420201 0.0000000 33.9709899 -0.0000000 0.0000000 1.0000000 53.4235588 0.0000000 0.0000000 0.0000000 1.0000000</matrix>
                <instance_node url="#ID5" />
            </node>
            <node id="ID69" name="instance_53">
                <matrix>0.5000000 -0.8660254 0.0000000 109.0918785 0.8660254 0.5000000 0.0000000 24.9342018 -0.0000000 0.0000000 1.0000000 46.0000000 0.0000000 0.0000000 0.0000000 1.0000000</matrix>
                <instance_node url="#ID5" />
            </node>
            <node id="ID70" name="instance_54">
                <matrix>0.8660254 -0.5000000 0.0000000 84.9342018 0.5000000 0.8660254 0.0000000 5.1688300 -0.0000000 0.0000000 1.0000000 23.0896652 0.0000000 0.0000000 0.0000000 1.0000000</matrix>
                <instance_node url="#ID5" />
            </node>
        </node>
    </library_nodes>
    <library_geometries>
        <geometry id="ID6">
            <mesh>
                <source id="ID9">
                    <float_array id="ID12" count="144">0.0000000 120.0000000 0.0000000 12.0000000 -0.0000000 0.0000000 0.0000000 0.0000000 0.0000000 12.0000000 120.0000000 0.0000000 12.0000000 120.0000000 0.0000000 0.0000000 120.0000000 0.0000000 12.0000000 -0.0000000 0.0000000 0.0000000 0.0000000 0.0000000 12.0000000 -0.0000000 7.2500000 0.0000000 0.0000000 0.0000000 12.0000000 -0.0000000 0.0000000 0.0000000 0.0000000 7.2500000 0.0000000 0.0000000 7.2500000 12.0000000 -0.0000000 7.2500000 0.0000000 0.0000000 0.0000000 12.0000000 -0.0000000 0.0000000 0.0000000 120.0000000 7.2500000 0.0000000 0.0000000 0.0000000 0.0000000 0.0000000 7.2500000 0.0000000 120.0000000 0.0000000 0.0000000 120.0000000 0.0000000 0.0000000 120.0000000 7.2500000 0.0000000 0.0000000 0.0000000 0.0000000 0.0000000 7.2500000 0.0000000 120.0000000 7.2500000 12.0000000 120.0000000 0.0000000 0.0000000 120.0000000 0.0000000 12.0000000 120.0000000 7.2500000 12.0000000 120.0000000 7.2500000 0.0000000 120.0000000 7.2500000 12.0000000 120.0000000 0.0000000 0.0000000 120.0000000 0.0000000 12.0000000 120.0000000 0.0000000 12.0000000 -0.0000000 7.2500000 12.0000000 -0.0000000 0.0000000 12.0000000 120.0000000 7.2500000 12.0000000 120.0000000 7.2500000 12.0000000 120.0000000 0.0000000 12.0000000 -0.0000000 7.2500000 12.0000000 -0.0000000 0.0000000 12.0000000 -0.0000000 7.2500000 0.0000000 120.0000000 7.2500000 0.0000000 0.0000000 7.2500000 12.0000000 120.0000000 7.2500000 12.0000000 120.0000000 7.2500000 12.0000000 -0.0000000 7.2500000 0.0000000 120.0000000 7.2500000 0.0000000 0.0000000 7.2500000</float_array>
                    <technique_common>
                        <accessor count="48" source="#ID12" stride="3">
                            <param name="X" type="float" />
                            <param name="Y" type="float" />
                            <param name="Z" type="float" />
                        </accessor>
                    </technique_common>
                </source>
                <source id="ID10">
                    <float_array id="ID13" count="144">0.0000000 0.0000000 -1.0000000 0.0000000 0.0000000 -1.0000000 0.0000000 0.0000000 -1.0000000 0.0000000 0.0000000 -1.0000000 -0.0000000 -0.0000000 1.0000000 -0.0000000 -0.0000000 1.0000000 -0.0000000 -0.0000000 1.0000000 -0.0000000 -0.0000000 1.0000000 0.0000000 -1.0000000 0.0000000 0.0000000 -1.0000000 0.0000000 0.0000000 -1.0000000 0.0000000 0.0000000 -1.0000000 0.0000000 -0.0000000 1.0000000 -0.0000000 -0.0000000 1.0000000 -0.0000000 -0.0000000 1.0000000 -0.0000000 -0.0000000 1.0000000 -0.0000000 -1.0000000 -0.0000000 0.0000000 -1.0000000 -0.0000000 0.0000000 -1.0000000 -0.0000000 0.0000000 -1.0000000 -0.0000000 0.0000000 1.0000000 0.0000000 -0.0000000 1.0000000 0.0000000 -0.0000000 1.0000000 0.0000000 -0.0000000 1.0000000 0.0000000 -0.0000000 -0.0000000 1.0000000 0.0000000 -0.0000000 1.0000000 0.0000000 -0.0000000 1.0000000 0.0000000 -0.0000000 1.0000000 0.0000000 0.0000000 -1.0000000 -0.0000000 0.0000000 -1.0000000 -0.0000000 0.0000000 -1.0000000 -0.0000000 0.0000000 -1.0000000 -0.0000000 1.0000000 0.0000000 0.0000000 1.0000000 0.0000000 0.0000000 1.0000000 0.0000000 0.0000000 1.0000000 0.0000000 0.0000000 -1.0000000 -0.0000000 -0.0000000 -1.0000000 -0.0000000 -0.0000000 -1.0000000 -0.0000000 -0.0000000 -1.0000000 -0.0000000 -0.0000000 0.0000000 0.0000000 1.0000000 0.0000000 0.0000000 1.0000000 0.0000000 0.0000000 1.0000000 0.0000000 0.0000000 1.0000000 -0.0000000 -0.0000000 -1.0000000 -0.0000000 -0.0000000 -1.0000000 -0.0000000 -0.0000000 -1.0000000 -0.0000000 -0.0000000 -1.0000000</float_array>
                    <technique_common>
                        <accessor count="48" source="#ID13" stride="3">
                            <param name="X" type="float" />
                            <param name="Y" type="float" />
                            <param name="Z" type="float" />
                        </accessor>
                    </technique_common>
                </source>
                <vertices id="ID11">
                    <input semantic="POSITION" source="#ID9" />
                    <input semantic="NORMAL" source="#ID10" />
                </vertices>
                <triangles count="24" material="Material2">
                    <input offset="0" semantic="VERTEX" source="#ID11" />
                    <p>0 1 2 1 0 3 4 5 6 7 6 5 8 9 10 9 8 11 12 13 14 15 14 13 16 17 18 17 16 19 20 21 22 23 22 21 24 25 26 25 24 27 28 29 30 31 30 29 32 33 34 33 32 35 36 37 38 39 38 37 40 41 42 41 40 43 44 45 46 47 46 45</p>
                </triangles>
            </mesh>
        </geometry>
        <geometry id="ID72">
            <mesh>
                <source id="ID75">
                    <float_array id="ID80" count="144">54.5410566 63.3850347 0.0000000 54.5000573 60.1500564 0.0000000 54.3076105 61.7702444 0.0000000 55.1052821 58.6348839 0.0000000 55.1844868 64.8843820 0.0000000 56.0820400 57.3279834 0.0000000 56.1940522 66.1661084 0.0000000 57.3637663 56.3184180 0.0000000 57.5009527 67.1428662 0.0000000 58.8631137 55.6749878 0.0000000 59.0161252 67.7480911 0.0000000 60.4779040 55.4415417 0.0000000 60.6363132 67.9405379 0.0000000 62.0980919 55.6339885 0.0000000 62.2511035 67.7070918 0.0000000 63.6132644 56.2392134 0.0000000 63.7504508 67.0636616 0.0000000 64.9201649 57.2159712 0.0000000 65.0321772 66.0540962 0.0000000 65.9297304 58.4976975 0.0000000 66.0089350 64.7471956 0.0000000 66.5731605 59.9970449 0.0000000 66.6141599 63.2320231 0.0000000 66.8066067 61.6118352 0.0000000 66.8066067 61.6118352 0.0000000 66.6141599 63.2320231 0.0000000 66.5731605 59.9970449 0.0000000 66.0089350 64.7471956 0.0000000 65.9297304 58.4976975 0.0000000 65.0321772 66.0540962 0.0000000 64.9201649 57.2159712 0.0000000 63.7504508 67.0636616 0.0000000 63.6132644 56.2392134 0.0000000 62.2511035 67.7070918 0.0000000 62.0980919 55.6339885 0.0000000 60.6363132 67.9405379 0.0000000 60.4779040 55.4415417 0.0000000 59.0161252 67.7480911 0.0000000 58.8631137 55.6749878 0.0000000 57.5009527 67.1428662 0.0000000 57.3637663 56.3184180 0.0000000 56.1940522 66.1661084 0.0000000 56.0820400 57.3279834 0.0000000 55.1844868 64.8843820 0.0000000 55.1052821 58.6348839 0.0000000 54.5410566 63.3850347 0.0000000 54.5000573 60.1500564 0.0000000 54.3076105 61.7702444 0.0000000</float_array>
                    <technique_common>
                        <accessor count="48" source="#ID80" stride="3">
                            <param name="X" type="float" />
                            <param name="Y" type="float" />
                            <param name="Z" type="float" />
                        </accessor>
                    </technique_common>
                </source>
                <source id="ID76">
                    <float_array id="ID81" count="144">0.0000000 0.0000000 -1.0000000 0.0000000 0.0000000 -1.0000000 0.0000000 0.0000000 -1.0000000 0.0000000 0.0000000 -1.0000000 0.0000000 0.0000000 -1.0000000 0.0000000 0.0000000 -1.0000000 0.0000000 0.0000000 -1.0000000 0.0000000 0.0000000 -1.0000000 0.0000000 0.0000000 -1.0000000 0.0000000 0.0000000 -1.0000000 0.0000000 0.0000000 -1.0000000 0.0000000 0.0000000 -1.0000000 0.0000000 0.0000000 -1.0000000 0.0000000 0.0000000 -1.0000000 0.0000000 0.0000000 -1.0000000 0.0000000 0.0000000 -1.0000000 0.0000000 0.0000000 -1.0000000 0.0000000 0.0000000 -1.0000000 0.0000000 0.0000000 -1.0000000 0.0000000 0.0000000 -1.0000000 0.0000000 0.0000000 -1.0000000 0.0000000 0.0000000 -1.0000000 0.0000000 0.0000000 -1.0000000 0.0000000 0.0000000 -1.0000000 -0.0000000 -0.0000000 1.0000000 -0.0000000 -0.0000000 1.0000000 -0.0000000 -0.0000000 1.0000000 -0.0000000 -0.0000000 1.0000000 -0.0000000 -0.0000000 1.0000000 -0.0000000 -0.0000000 1.0000000 -0.0000000 -0.0000000 1.0000000 -0.0000000 -0.0000000 1.0000000 -0.0000000 -0.0000000 1.0000000 -0.0000000 -0.0000000 1.0000000 -0.0000000 -0.0000000 1.0000000 -0.0000000 -0.0000000 1.0000000 -0.0000000 -0.0000000 1.0000000 -0.0000000 -0.0000000 1.0000000 -0.0000000 -0.0000000 1.0000000 -0.0000000 -0.0000000 1.0000000 -0.0000000 -0.0000000 1.0000000 -0.0000000 -0.0000000 1.0000000 -0.0000000 -0.0000000 1.0000000 -0.0000000 -0.0000000 1.0000000 -0.0000000 -0.0000000 1.0000000 -0.0000000 -0.0000000 1.0000000 -0.0000000 -0.0000000 1.0000000 -0.0000000 -0.0000000 1.0000000</float_array>
                    <technique_common>
                        <accessor count="48" source="#ID81" stride="3">
                            <param name="X" type="float" />
                            <param name="Y" type="float" />
                            <param name="Z" type="float" />
                        </accessor>
                    </technique_common>
                </source>
                <vertices id="ID77">
                    <input semantic="POSITION" source="#ID75" />
                    <input semantic="NORMAL" source="#ID76" />
                </vertices>
                <triangles count="22" material="Material2">
                    <input offset="0" semantic="VERTEX" source="#ID77" />
                    <p>0 1 2 1 0 3 3 0 4 3 4 5 5 4 6 5 6 7 7 6 8 7 8 9 9 8 10 9 10 11 11 10 12 11 12 13 13 12 14 13 14 15 15 14 16 15 16 17 17 16 18 17 18 19 19 18 20 19 20 21 21 20 22 21 22 23</p>
                </triangles>
                <triangles count="22" material="Material3">
                    <input offset="0" semantic="VERTEX" source="#ID77" />
                    <p>24 25 26 25 27 26 26 27 28 27 29 28 28 29 30 29 31 30 30 31 32 31 33 32 32 33 34 33 35 34 34 35 36 35 37 36 36 37 38 37 39 38 38 39 40 39 41 40 40 41 42 41 43 42 42 43 44 43 45 44 44 45 46 47 46 45</p>
                </triangles>
            </mesh>
        </geometry>
        <geometry id="ID82">
            <mesh>
                <source id="ID83">
                    <float_array id="ID86" count="144">-10.3339890 94.1349299 -5.3233382 -10.3339890 63.0766445 -5.3233382 -12.3784394 78.6057872 -5.3233382 -4.3399636 48.6057872 -5.3233382 -4.3399636 108.6057872 -5.3233382 5.1951537 36.1793803 -5.3233382 5.1951537 121.0321940 -5.3233382 17.6215606 26.6442629 -5.3233382 17.6215606 130.5673114 -5.3233382 32.0924179 20.6502376 -5.3233382 32.0924179 136.5613367 -5.3233382 47.6215606 18.6057872 -5.3233382 47.6215606 138.6057872 -5.3233382 63.1507033 20.6502376 -5.3233382 63.1507033 136.5613367 -5.3233382 77.6215606 26.6442629 -5.3233382 77.6215606 130.5673114 -5.3233382 90.0479675 36.1793803 -5.3233382 90.0479675 121.0321940 -5.3233382 99.5830848 108.6057872 -5.3233382 99.5830848 48.6057872 -5.3233382 105.5771102 63.0766445 -5.3233382 105.5771102 94.1349299 -5.3233382 107.6215606 78.6057872 -5.3233382 107.6215606 78.6057872 -5.3233382 105.5771102 94.1349299 -5.3233382 105.5771102 63.0766445 -5.3233382 99.5830848 108.6057872 -5.3233382 99.5830848 48.6057872 -5.3233382 90.0479675 36.1793803 -5.3233382 90.0479675 121.0321940 -5.3233382 77.6215606 130.5673114 -5.3233382 77.6215606 26.6442629 -5.3233382 63.1507033 136.5613367 -5.3233382 63.1507033 20.6502376 -5.3233382 47.6215606 138.6057872 -5.3233382 47.6215606 18.6057872 -5.3233382 32.0924179 136.5613367 -5.3233382 32.0924179 20.6502376 -5.3233382 17.6215606 130.5673114 -5.3233382 17.6215606 26.6442629 -5.3233382 5.1951537 121.0321940 -5.3233382 5.1951537 36.1793803 -5.3233382 -4.3399636 108.6057872 -5.3233382 -4.3399636 48.6057872 -5.3233382 -10.3339890 94.1349299 -5.3233382 -10.3339890 63.0766445 -5.3233382 -12.3784394 78.6057872 -5.3233382</float_array>
                    <technique_common>
                        <accessor count="48" source="#ID86" stride="3">
                            <param name="X" type="float" />
                            <param name="Y" type="float" />
                            <param name="Z" type="float" />
                        </accessor>
                    </technique_common>
                </source>
                <source id="ID84">
                    <float_array id="ID87" count="144">-0.0000000 -0.0000000 -1.0000000 -0.0000000 -0.0000000 -1.0000000 -0.0000000 -0.0000000 -1.0000000 -0.0000000 -0.0000000 -1.0000000 -0.0000000 -0.0000000 -1.0000000 -0.0000000 -0.0000000 -1.0000000 -0.0000000 -0.0000000 -1.0000000 -0.0000000 -0.0000000 -1.0000000 -0.0000000 -0.0000000 -1.0000000 -0.0000000 -0.0000000 -1.0000000 -0.0000000 -0.0000000 -1.0000000 -0.0000000 -0.0000000 -1.0000000 -0.0000000 -0.0000000 -1.0000000 -0.0000000 -0.0000000 -1.0000000 -0.0000000 -0.0000000 -1.0000000 -0.0000000 -0.0000000 -1.0000000 -0.0000000 -0.0000000 -1.0000000 -0.0000000 -0.0000000 -1.0000000 -0.0000000 -0.0000000 -1.0000000 -0.0000000 -0.0000000 -1.0000000 -0.0000000 -0.0000000 -1.0000000 -0.0000000 -0.0000000 -1.0000000 -0.0000000 -0.0000000 -1.0000000 -0.0000000 -0.0000000 -1.0000000 0.0000000 0.0000000 1.0000000 0.0000000 0.0000000 1.0000000 0.0000000 0.0000000 1.0000000 0.0000000 0.0000000 1.0000000 0.0000000 0.0000000 1.0000000 0.0000000 0.0000000 1.0000000 0.0000000 0.0000000 1.0000000 0.0000000 0.0000000 1.0000000 0.0000000 0.0000000 1.0000000 0.0000000 0.0000000 1.0000000 0.0000000 0.0000000 1.0000000 0.0000000 0.0000000 1.0000000 0.0000000 0.0000000 1.0000000 0.0000000 0.0000000 1.0000000 0.0000000 0.0000000 1.0000000 0.0000000 0.0000000 1.0000000 0.0000000 0.0000000 1.0000000 0.0000000 0.0000000 1.0000000 0.0000000 0.0000000 1.0000000 0.0000000 0.0000000 1.0000000 0.0000000 0.0000000 1.0000000 0.0000000 0.0000000 1.0000000 0.0000000 0.0000000 1.0000000 0.0000000 0.0000000 1.0000000</float_array>
                    <technique_common>
                        <accessor count="48" source="#ID87" stride="3">
                            <param name="X" type="float" />
                            <param name="Y" type="float" />
                            <param name="Z" type="float" />
                        </accessor>
                    </technique_common>
                </source>
                <vertices id="ID85">
                    <input semantic="POSITION" source="#ID83" />
                    <input semantic="NORMAL" source="#ID84" />
                </vertices>
                <triangles count="22" material="Material2">
                    <input offset="0" semantic="VERTEX" source="#ID85" />
                    <p>0 1 2 1 0 3 3 0 4 3 4 5 5 4 6 5 6 7 7 6 8 7 8 9 9 8 10 9 10 11 11 10 12 11 12 13 13 12 14 13 14 15 15 14 16 15 16 17 17 16 18 17 18 19 17 19 20 20 19 21 21 19 22 21 22 23</p>
                </triangles>
                <triangles count="22" material="Material3">
                    <input offset="0" semantic="VERTEX" source="#ID85" />
                    <p>24 25 26 25 27 26 26 27 28 28 27 29 27 30 29 30 31 29 29 31 32 31 33 32 32 33 34 33 35 34 34 35 36 35 37 36 36 37 38 37 39 38 38 39 40 39 41 40 40 41 42 41 43 42 42 43 44 43 45 44 44 45 46 47 46 45</p>
                </triangles>
            </mesh>
        </geometry>
        <geometry id="ID88">
            <mesh>
                <source id="ID94">
