<?xml version="1.0" encoding="UTF-8" standalone="no" ?>
<COLLADA xmlns="http://www.collada.org/2005/11/COLLADASchema" version="1.4.1">
    <asset>
        <contributor>
            <authoring_tool>SketchUp 14.0.4899</authoring_tool>
        </contributor>
        <created>2014-06-02T15:45:48Z</created>
        <modified>2014-06-02T15:45:48Z</modified>
        <unit meter="0.0254000" name="inch" />
        <up_axis>Z_UP</up_axis>
    </asset>
    <library_visual_scenes>
        <visual_scene id="ID1">
            <node name="SketchUp">
                <node id="ID2" name="instance_0">
                    <matrix>0.6800000 0.0000000 0.0000000 -3.6524485 0.0000000 0.6800000 0.0000000 0.6437729 0.0000000 0.0000000 0.6800000 0.0000000 0.0000000 0.0000000 0.0000000 1.0000000</matrix>
                    <instance_node url="#ID3" />
                </node>
                <node id="ID19" name="instance_1">
                    <matrix>0.8568000 0.0000000 0.0000000 -6.1415088 0.0000000 0.8568000 0.0000000 -2.2871840 0.0000000 0.0000000 1.1738160 152.1687609 0.0000000 0.0000000 0.0000000 1.0000000</matrix>
                    <instance_node url="#ID20" />
                </node>
                <node id="ID34" name="instance_2">
                    <matrix>0.7890841 -0.1908439 0.5838877 -13.0316853 0.0000000 0.9505157 0.3106764 -38.4761699 -0.6142852 -0.2451498 0.7500368 155.2342218 0.0000000 0.0000000 0.0000000 1.0000000</matrix>
                    <instance_node url="#ID35" />
                </node>
                <node id="ID94" name="instance_7">
                    <matrix>-0.0000000 -0.8319541 0.5548444 18.0436029 0.6018150 0.4431185 0.6644281 -29.2673844 -0.7986355 0.3339137 0.5006825 138.7332454 0.0000000 0.0000000 0.0000000 1.0000000</matrix>
                    <instance_node url="#ID35" />
                </node>
                <node id="ID95" name="instance_8">
                    <matrix>-0.6206766 0.3192954 -0.7161083 6.2723428 -0.0240533 -0.9206499 -0.3896476 48.2160744 -0.7836977 -0.2246204 0.5791059 156.8701817 0.0000000 0.0000000 0.0000000 1.0000000</matrix>
                    <instance_node url="#ID35" />
                </node>
                <node id="ID96" name="instance_9">
                    <matrix>0.0000000 0.9659258 -0.2588190 -27.4289494 -0.6018150 -0.2067021 -0.7714227 30.5786180 -0.7986355 0.1557612 0.5813087 143.9341579 0.0000000 0.0000000 0.0000000 1.0000000</matrix>
                    <instance_node url="#ID35" />
                </node>
                <node id="ID97" name="instance_10">
                    <matrix>0.6189813 0.6367786 0.4597555 -33.5086059 -0.7426305 0.6650627 0.0786869 -20.2624465 -0.2556601 -0.3901342 0.8845526 155.0586066 0.0000000 0.0000000 0.0000000 1.0000000</matrix>
                    <instance_node url="#ID35" />
                </node>
                <node id="ID98" name="instance_11">
                    <matrix>0.7426305 -0.6638992 -0.0879650 24.7982059 0.6189813 0.6302973 0.4686015 -30.0980550 -0.2556601 -0.4024464 0.8790192 155.6461326 0.0000000 0.0000000 0.0000000 1.0000000</matrix>
                    <instance_node url="#ID35" />
                </node>
                <node id="ID99" name="instance_12">
                    <matrix>-0.6189813 -0.7843503 0.0407030 29.9570961 0.7426305 -0.5676141 0.3554071 15.3290269 -0.2556601 0.2502176 0.9338250 127.6504245 0.0000000 0.0000000 0.0000000 1.0000000</matrix>
                    <instance_node url="#ID35" />
                </node>
                <node id="ID100" name="instance_13">
                    <matrix>-0.7426305 0.5509074 -0.3807899 -9.7747090 -0.6189813 -0.7816964 0.0762416 32.4678314 -0.2556601 0.2923212 0.9215130 128.0327864 0.0000000 0.0000000 0.0000000 1.0000000</matrix>
                    <instance_node url="#ID35" />
                </node>
                <node id="ID101" name="instance_14">
                    <matrix>-0.1897497 0.9659258 -0.1760181 -30.8393882 -0.9748414 -0.2067021 -0.0834179 11.7789889 -0.1169588 0.1557612 0.9808461 135.4317385 0.0000000 0.0000000 0.0000000 1.0000000</matrix>
                    <instance_node url="#ID35" />
                </node>
                <node id="ID102" name="instance_15">
                    <matrix>0.9960597 0.0876030 -0.0138137 -1.5481565 -0.0886854 0.9839025 -0.1551474 -27.5947487 -0.0000000 0.1557612 0.9877947 134.9189157 0.0000000 0.0000000 0.0000000 1.0000000</matrix>
                    <instance_node url="#ID35" />
                </node>
                <node id="ID103" name="instance_16">
                    <matrix>-0.0514029 -0.9872501 0.1506487 32.4350915 0.9918056 -0.0327986 0.1234742 3.6548167 -0.1169588 0.1557612 0.9808461 135.4317385 0.0000000 0.0000000 0.0000000 1.0000000</matrix>
                    <instance_node url="#ID35" />
                </node>
                <node id="ID104" name="instance_17">
                    <matrix>-0.9781761 0.1527125 -0.1408916 -3.4300909 -0.1717330 -0.9759187 0.1345008 35.7561788 -0.1169588 0.1557612 0.9808461 135.4317385 0.0000000 0.0000000 0.0000000 1.0000000</matrix>
                    <instance_node url="#ID35" />
                </node>
                <node id="ID105" name="instance_18">
                    <matrix>0.6184429 0.7681589 -0.1657113 -25.4512504 -0.7419845 0.6402592 0.1988141 -23.5466021 0.2588190 0.0000000 0.9659258 140.6664384 0.0000000 0.0000000 0.0000000 1.0000000</matrix>
                    <instance_node url="#ID35" />
                </node>
                <node id="ID106" name="instance_19">
                    <matrix>0.7852856 -0.6188713 -0.0180231 22.9772197 0.5624405 0.7252448 -0.3970904 -14.5535466 0.2588190 0.3016924 0.9176025 130.0472121 0.0000000 0.0000000 0.0000000 1.0000000</matrix>
                    <instance_node url="#ID35" />
                </node>
                <node id="ID107" name="instance_20">
                    <matrix>-0.5034171 -0.8542867 -0.1294813 37.6612015 0.8243688 -0.4299897 -0.3681371 27.3990558 0.2588190 -0.2920668 0.9207115 152.8362917 0.0000000 0.0000000 0.0000000 1.0000000</matrix>
                    <instance_node url="#ID35" />
                </node>
                <node id="ID108" name="instance_21">
                    <matrix>-0.8992622 0.4216505 0.1163542 -18.2833779 -0.3526190 -0.8562220 0.3775497 28.7880083 0.2588190 0.2984875 0.9186500 130.1490484 0.0000000 0.0000000 0.0000000 1.0000000</matrix>
                    <instance_node url="#ID35" />
                </node>
                <node id="ID109" name="instance_22">
                    <matrix>-0.2016890 0.7429822 0.6381999 -44.5712784 -0.7749144 -0.5195534 0.3599611 17.8663938 0.5990236 -0.4219500 0.6805358 155.9082599 0.0000000 0.0000000 0.0000000 1.0000000</matrix>
                    <instance_node url="#ID35" />
                </node>
                <node id="ID110" name="instance_23">
                    <matrix>0.7749144 0.5195534 -0.3599611 -14.0691311 -0.2016890 0.7429822 0.6381999 -40.2950517 0.5990236 -0.4219500 0.6805358 155.9082599 0.0000000 0.0000000 0.0000000 1.0000000</matrix>
                    <instance_node url="#ID35" />
                </node>
                <node id="ID111" name="instance_24">
                    <matrix>0.2016890 -0.7429822 -0.6381999 44.0923144 0.7749144 0.5195534 -0.3599611 -9.7929044 0.5990236 -0.4219500 0.6805358 155.9082599 0.0000000 0.0000000 0.0000000 1.0000000</matrix>
                    <instance_node url="#ID35" />
                </node>
                <node id="ID112" name="instance_25">
                    <matrix>-0.7749144 -0.5195534 0.3599611 13.5901671 0.2016890 -0.7429822 -0.6381999 48.3685410 0.5990236 -0.4219500 0.6805358 155.9082599 0.0000000 0.0000000 0.0000000 1.0000000</matrix>
                    <instance_node url="#ID35" />
                </node>
                <node id="ID113" name="instance_26">
                    <matrix>-0.0901584 0.7920643 -0.6037429 -12.2181432 -0.5533421 0.4641940 0.6916187 -25.3044985 0.8280603 0.3964316 0.3964316 136.8182096 0.0000000 0.0000000 0.0000000 1.0000000</matrix>
                    <instance_node url="#ID35" />
                </node>
                <node id="ID114" name="instance_27">
                    <matrix>0.5789353 -0.5253640 -0.6235596 30.2300241 0.0354168 0.7802342 -0.6244839 -7.8666650 0.8146040 0.3394513 0.4703118 140.7050708 0.0000000 0.0000000 0.0000000 1.0000000</matrix>
                    <instance_node url="#ID35" />
                </node>
                <node id="ID115" name="instance_28">
                    <matrix>0.0552358 -0.7613544 0.6459787 13.5517135 0.5579113 -0.5130121 -0.6523446 33.6662418 0.8280603 0.3964316 0.3964316 139.5682096 0.0000000 0.0000000 0.0000000 1.0000000</matrix>
                    <instance_node url="#ID35" />
                </node>
                <node id="ID116" name="instance_29">
                    <matrix>-0.5593710 0.5366737 0.6317320 -29.1263550 0.0376841 -0.7448646 0.6661506 14.3059356 0.8280603 0.3964316 0.3964316 133.8182096 0.0000000 0.0000000 0.0000000 1.0000000</matrix>
                    <instance_node url="#ID35" />
                </node>
                <node id="ID117" name="instance_30">
                    <matrix>-0.4687944 0.6378593 -0.6110379 -5.7763882 -0.5407056 -0.7542373 -0.3725097 42.2925602 -0.6984764 0.1557612 0.6984763 146.1782192 0.0000000 0.0000000 0.0000000 1.0000000</matrix>
                    <instance_node url="#ID35" />
                </node>
                <node id="ID118" name="instance_31">
                    <matrix>0.3036200 0.7605363 -0.5739333 -14.6018930 -0.8654218 -0.0318523 -0.5000306 21.3808857 -0.3985725 0.6485137 0.6485137 124.3974312 0.0000000 0.0000000 0.0000000 1.0000000</matrix>
                    <instance_node url="#ID35" />
                </node>
                <node id="ID119" name="instance_32">
                    <matrix>0.9903116 0.1190666 0.0714567 -12.4519111 -0.0758931 0.8950111 -0.4395400 -15.6498826 -0.1162891 0.4298585 0.8953762 125.5566257 0.0000000 0.0000000 0.0000000 1.0000000</matrix>
                    <instance_node url="#ID35" />
                </node>
                <node id="ID120" name="instance_33">
                    <matrix>0.4255475 0.8600966 0.2813241 -36.5653582 -0.4255475 0.4645580 -0.7765921 5.7272149 -0.7986355 0.2107600 0.5637034 142.1621153 0.0000000 0.0000000 0.0000000 1.0000000</matrix>
                    <instance_node url="#ID35" />
                </node>
            </node>
        </visual_scene>
    </library_visual_scenes>
    <library_nodes>
        <node id="ID3" name="cabbagetrunk2">
            <instance_geometry url="#ID4">
                <bind_material>
                    <technique_common>
                        <instance_material symbol="Material2" target="#ID5">
                            <bind_vertex_input semantic="UVSET0" input_semantic="TEXCOORD" input_set="0" />
                        </instance_material>
                        <instance_material symbol="Material3" target="#ID15">
                            <bind_vertex_input semantic="UVSET0" input_semantic="TEXCOORD" input_set="0" />
                        </instance_material>
                    </technique_common>
                </bind_material>
            </instance_geometry>
        </node>
        <node id="ID20" name="cabbagetrunktop1">
            <instance_geometry url="#ID21">
                <bind_material>
                    <technique_common>
                        <instance_material symbol="Material2" target="#ID15">
                            <bind_vertex_input semantic="UVSET0" input_semantic="TEXCOORD" input_set="0" />
                        </instance_material>
                        <instance_material symbol="Material3" target="#ID22">
                            <bind_vertex_input semantic="UVSET0" input_semantic="TEXCOORD" input_set="0" />
                        </instance_material>
                    </technique_common>
                </bind_material>
            </instance_geometry>
        </node>
        <node id="ID35" name="cabbage_leaf202c">
            <instance_geometry url="#ID78">
                <bind_material>
                    <technique_common>
                        <instance_material symbol="Material2" target="#ID41">
                            <bind_vertex_input semantic="UVSET0" input_semantic="TEXCOORD" input_set="0" />
                        </instance_material>
                    </technique_common>
                </bind_material>
            </instance_geometry>
            <instance_geometry url="#ID86">
                <bind_material>
                    <technique_common>
                        <instance_material symbol="Material2" target="#ID41">
                            <bind_vertex_input semantic="UVSET0" input_semantic="TEXCOORD" input_set="0" />
                        </instance_material>
                    </technique_common>
                </bind_material>
            </instance_geometry>
            <node id="ID36" name="instance_3">
                <matrix>0.8652121 0.0000000 0.4996665 23.3186456 0.0000000 0.7396000 0.0000000 12.5361382 -0.7928209 0.0000000 0.5452903 25.6883428 0.0000000 0.0000000 0.0000000 1.0000000</matrix>
                <instance_node url="#ID37" />
            </node>
            <node id="ID63" name="instance_6">
                <matrix>0.5310000 0.0000000 0.0000000 0.0000000 0.0000000 1.0000000 0.0000000 36.9173188 0.0000000 -0.0000000 1.0000000 23.9085454 0.0000000 0.0000000 0.0000000 1.0000000</matrix>
                <instance_node url="#ID64" />
            </node>
        </node>
        <node id="ID37" name="cabbagePhron">
            <node id="ID38" name="instance_4">
                <matrix>1.0000000 0.0000000 0.0000000 0.0000000 0.0000000 1.0000000 0.0000000 0.0000000 0.0000000 0.0000000 1.0000000 0.0000000 0.0000000 0.0000000 0.0000000 1.0000000</matrix>
                <instance_node url="#ID39" />
            </node>
            <node id="ID53" name="instance_5">
                <matrix>1.0000000 -0.0000000 -0.0000000 -0.0000000 -0.0000000 -1.0000000 0.0000000 70.1795897 0.0000000 0.0000000 1.0000000 -0.0000000 0.0000000 0.0000000 0.0000000 1.0000000</matrix>
                <instance_node url="#ID54" />
            </node>
        </node>
        <node id="ID39" name="cabbage_half">
            <instance_geometry url="#ID40">
                <bind_material>
                    <technique_common>
                        <instance_material symbol="Material2" target="#ID41">
                            <bind_vertex_input semantic="UVSET0" input_semantic="TEXCOORD" input_set="0" />
                        </instance_material>
                    </technique_common>
                </bind_material>
            </instance_geometry>
        </node>
        <node id="ID54" name="cabbage_half">
            <instance_geometry url="#ID55">
                <bind_material>
                    <technique_common>
                        <instance_material symbol="Material2" target="#ID41">
                            <bind_vertex_input semantic="UVSET0" input_semantic="TEXCOORD" input_set="0" />
                        </instance_material>
                    </technique_common>
                </bind_material>
            </instance_geometry>
        </node>
        <node id="ID64" name="cabbage_stemq1">
            <instance_geometry url="#ID65">
                <bind_material>
                    <technique_common>
                        <instance_material symbol="Material2" target="#ID66">
                            <bind_vertex_input semantic="UVSET0" input_semantic="TEXCOORD" input_set="0" />
                        </instance_material>
                    </technique_common>
                </bind_material>
            </instance_geometry>
        </node>
    </library_nodes>
    <library_geometries>
        <geometry id="ID4">
            <mesh>
                <source id="ID10">
                    <float_array id="ID16" count="768">5.9946245 8.9299727 63.8328455 0.0000000 5.1899424 0.7432496 4.4946330 5.1899424 63.9178135 1.4984518 8.9299727 0.6366403 1.4984518 8.9299727 0.6366403 5.9946245 8.9299727 63.8328455 0.0000000 5.1899424 0.7432496 4.4946330 5.1899424 63.9178135 4.4946330 5.1899424 63.9178135 1.5821333 1.4848886 0.6306867 6.0783920 1.4848886 63.8281005 0.0000000 5.1899424 0.7432496 0.0000000 5.1899424 0.7432496 4.4946330 5.1899424 63.9178135 1.5821333 1.4848886 0.6306867 6.0783920 1.4848886 63.8281005 7.7382457 8.9299727 105.1815766 6.2356880 5.1899424 105.2056901 7.7382457 8.9299727 105.1815766 6.2356880 5.1899424 105.2056901 1.4984518 8.9299727 0.6366403 9.7232262 10.4991626 63.6216366 5.2232262 10.4991626 0.3716366 5.9946245 8.9299727 63.8328455 5.9946245 8.9299727 63.8328455 1.4984518 8.9299727 0.6366403 9.7232262 10.4991626 63.6216366 5.2232262 10.4991626 0.3716366 9.8118227 0.0000000 63.6166180 1.5821333 1.4848886 0.6306867 5.3117318 0.0000000 0.3653398 6.0783920 1.4848886 63.8281005 6.0783920 1.4848886 63.8281005 9.8118227 0.0000000 63.6166180 1.5821333 1.4848886 0.6306867 5.3117318 0.0000000 0.3653398 6.2356880 5.1899424 105.2056901 7.8221565 1.4848886 105.1802300 6.2356880 5.1899424 105.2056901 7.8221565 1.4848886 105.1802300 7.2398728 8.9299727 154.7696788 6.2356880 5.1899424 105.2056901 5.7379697 5.1899424 154.7286619 7.7382457 8.9299727 105.1815766 7.7382457 8.9299727 105.1815766 7.2398728 8.9299727 154.7696788 6.2356880 5.1899424 105.2056901 5.7379697 5.1899424 154.7286619 11.4732262 10.4991626 105.1216366 7.7382457 8.9299727 105.1815766 7.7382457 8.9299727 105.1815766 11.4732262 10.4991626 105.1216366 5.2232262 10.4991626 0.3716366 13.4101793 8.9720259 63.4127869 8.9063948 8.9720259 0.1095930 9.7232262 10.4991626 63.6216366 9.7232262 10.4991626 63.6216366 5.2232262 10.4991626 0.3716366 13.4101793 8.9720259 63.4127869 8.9063948 8.9720259 0.1095930 13.4930005 1.6110428 63.4080955 5.3117318 0.0000000 0.3653398 8.9891310 1.6110428 0.1037067 9.8118227 0.0000000 63.6166180 9.8118227 0.0000000 63.6166180 13.4930005 1.6110428 63.4080955 5.3117318 0.0000000 0.3653398 8.9891310 1.6110428 0.1037067 11.5619743 0.0000000 105.1202124 7.8221565 1.4848886 105.1802300 7.8221565 1.4848886 105.1802300 11.5619743 0.0000000 105.1202124 5.7379697 5.1899424 154.7286619 7.8221565 1.4848886 105.1802300 7.3237470 1.4848886 154.7719694 6.2356880 5.1899424 105.2056901 6.2356880 5.1899424 105.2056901 5.7379697 5.1899424 154.7286619 7.8221565 1.4848886 105.1802300 7.3237470 1.4848886 154.7719694 5.4980555 8.9299727 193.8361540 3.9994442 5.1899424 193.7213063 5.4980555 8.9299727 193.8361540 3.9994442 5.1899424 193.7213063 7.7382457 8.9299727 105.1815766 10.9732262 10.4991626 154.8716366 11.4732262 10.4991626 105.1216366 7.2398728 8.9299727 154.7696788 7.2398728 8.9299727 154.7696788 7.7382457 8.9299727 105.1815766 10.9732262 10.4991626 154.8716366 11.4732262 10.4991626 105.1216366 15.1664869 8.9720259 105.0623662 11.4732262 10.4991626 105.1216366 11.4732262 10.4991626 105.1216366 15.1664869 8.9720259 105.0623662 8.9063948 8.9720259 0.1095930 14.9521530 5.2492464 63.3254409 10.4467856 5.2492464 0.0000000 13.4101793 8.9720259 63.4127869 13.4101793 8.9720259 63.4127869 8.9063948 8.9720259 0.1095930 14.9521530 5.2492464 63.3254409 10.4467856 5.2492464 0.0000000 10.4467856 5.2492464 0.0000000 13.4930005 1.6110428 63.4080955 8.9891310 1.6110428 0.1037067 14.9521530 5.2492464 63.3254409 14.9521530 5.2492464 63.3254409 10.4467856 5.2492464 0.0000000 13.4930005 1.6110428 63.4080955 8.9891310 1.6110428 0.1037067 15.2494498 1.6110428 105.0610348 11.5619743 0.0000000 105.1202124 11.5619743 0.0000000 105.1202124 15.2494498 1.6110428 105.0610348 11.0619357 0.0000000 154.8740593 7.8221565 1.4848886 105.1802300 11.5619743 0.0000000 105.1202124 7.3237470 1.4848886 154.7719694 7.3237470 1.4848886 154.7719694 11.0619357 0.0000000 154.8740593 7.8221565 1.4848886 105.1802300 11.5619743 0.0000000 105.1202124 3.9994442 5.1899424 193.7213063 5.5817458 1.4848886 193.8425677 3.9994442 5.1899424 193.7213063 5.5817458 1.4848886 193.8425677 1.5109614 8.9299727 230.4675806 3.9994442 5.1899424 193.7213063 0.0175421 5.1899424 230.3050316 5.4980555 8.9299727 193.8361540 5.4980555 8.9299727 193.8361540 1.5109614 8.9299727 230.4675806 3.9994442 5.1899424 193.7213063 0.0175421 5.1899424 230.3050316 5.4980555 8.9299727 193.8361540 9.2232262 10.4991626 194.1216366 9.2232262 10.4991626 194.1216366 5.4980555 8.9299727 193.8361540 11.4732262 10.4991626 105.1216366 14.6648779 8.9720259 154.9724556 15.1664869 8.9720259 105.0623662 10.9732262 10.4991626 154.8716366 10.9732262 10.4991626 154.8716366 11.4732262 10.4991626 105.1216366 14.6648779 8.9720259 154.9724556 15.1664869 8.9720259 105.0623662 16.7110985 5.2492464 105.0375778 15.1664869 8.9720259 105.0623662 15.1664869 8.9720259 105.0623662 16.7110985 5.2492464 105.0375778 15.2494498 1.6110428 105.0610348 16.7110985 5.2492464 105.0375778 16.7110985 5.2492464 105.0375778 15.2494498 1.6110428 105.0610348 14.7478047 1.6110428 154.9747203 11.5619743 0.0000000 105.1202124 15.2494498 1.6110428 105.0610348 11.0619357 0.0000000 154.8740593 11.0619357 0.0000000 154.8740593 14.7478047 1.6110428 154.9747203 11.5619743 0.0000000 105.1202124 15.2494498 1.6110428 105.0610348 5.5817458 1.4848886 193.8425677 9.3117412 0.0000000 194.1284201 9.3117412 0.0000000 194.1284201 5.5817458 1.4848886 193.8425677 0.0175421 5.1899424 230.3050316 5.5817458 1.4848886 193.8425677 1.5943618 1.4848886 230.4766582 3.9994442 5.1899424 193.7213063 3.9994442 5.1899424 193.7213063 0.0175421 5.1899424 230.3050316 5.5817458 1.4848886 193.8425677 1.5943618 1.4848886 230.4766582 1.5109614 8.9299727 230.4675806 9.2232262 10.4991626 194.1216366 5.4980555 8.9299727 193.8361540 5.2232262 10.4991626 230.8716366 5.2232262 10.4991626 230.8716366 1.5109614 8.9299727 230.4675806 9.2232262 10.4991626 194.1216366 5.4980555 8.9299727 193.8361540 9.2232262 10.4991626 194.1216366 12.9067867 8.9720259 194.4039304 12.9067867 8.9720259 194.4039304 9.2232262 10.4991626 194.1216366 15.1664869 8.9720259 105.0623662 16.2088167 5.2492464 155.0146205 16.7110985 5.2492464 105.0375778 14.6648779 8.9720259 154.9724556 14.6648779 8.9720259 154.9724556 15.1664869 8.9720259 105.0623662 16.2088167 5.2492464 155.0146205 16.7110985 5.2492464 105.0375778 16.7110985 5.2492464 105.0375778 14.7478047 1.6110428 154.9747203 15.2494498 1.6110428 105.0610348 16.2088167 5.2492464 155.0146205 16.2088167 5.2492464 155.0146205 16.7110985 5.2492464 105.0375778 14.7478047 1.6110428 154.9747203 15.2494498 1.6110428 105.0610348 9.3117412 0.0000000 194.1284201 12.9895317 1.6110428 194.4102717 12.9895317 1.6110428 194.4102717 9.3117412 0.0000000 194.1284201 9.3117412 0.0000000 194.1284201 1.5943618 1.4848886 230.4766582 5.5817458 1.4848886 193.8425677 5.3114346 0.0000000 230.8812376 5.3114346 0.0000000 230.8812376 9.3117412 0.0000000 194.1284201 1.5943618 1.4848886 230.4766582 5.5817458 1.4848886 193.8425677 5.2232262 10.4991626 230.8716366 12.9067867 8.9720259 194.4039304 9.2232262 10.4991626 194.1216366 8.8940249 8.9720259 231.2711794 8.8940249 8.9720259 231.2711794 5.2232262 10.4991626 230.8716366 12.9067867 8.9720259 194.4039304 9.2232262 10.4991626 194.1216366 14.4473415 5.2492464 194.5219925 12.9067867 8.9720259 194.4039304 12.9067867 8.9720259 194.4039304 14.4473415 5.2492464 194.5219925 12.9895317 1.6110428 194.4102717 14.4473415 5.2492464 194.5219925 14.4473415 5.2492464 194.5219925 12.9895317 1.6110428 194.4102717 12.9895317 1.6110428 194.4102717 5.3114346 0.0000000 230.8812376 9.3117412 0.0000000 194.1284201 8.9764832 1.6110428 231.2801544 8.9764832 1.6110428 231.2801544 12.9895317 1.6110428 194.4102717 5.3114346 0.0000000 230.8812376 9.3117412 0.0000000 194.1284201 12.9067867 8.9720259 194.4039304 10.4292424 5.2492464 231.4382779 14.4473415 5.2492464 194.5219925 8.8940249 8.9720259 231.2711794 8.8940249 8.9720259 231.2711794 12.9067867 8.9720259 194.4039304 10.4292424 5.2492464 231.4382779 14.4473415 5.2492464 194.5219925 14.4473415 5.2492464 194.5219925 8.9764832 1.6110428 231.2801544 12.9895317 1.6110428 194.4102717 10.4292424 5.2492464 231.4382779 10.4292424 5.2492464 231.4382779 14.4473415 5.2492464 194.5219925 8.9764832 1.6110428 231.2801544 12.9895317 1.6110428 194.4102717</float_array>
                    <technique_common>
                        <accessor count="256" source="#ID16" stride="3">
                            <param name="X" type="float" />
                            <param name="Y" type="float" />
                            <param name="Z" type="float" />
                        </accessor>
                    </technique_common>
                </source>
                <source id="ID11">
                    <float_array id="ID17" count="768">-0.9264443 0.3727557 0.0524790 -0.9256033 0.3727222 0.0658532 -0.9264443 0.3727557 0.0524790 -0.9256033 0.3727222 0.0658532 0.9256033 -0.3727222 -0.0658532 0.9264443 -0.3727557 -0.0524790 0.9256033 -0.3727222 -0.0658532 0.9264443 -0.3727557 -0.0524790 -0.9178158 -0.3935876 0.0519902 -0.9169841 -0.3935529 0.0652400 -0.9178158 -0.3935876 0.0519902 -0.9169841 -0.3935529 0.0652400 0.9169841 0.3935529 -0.0652400 0.9178158 0.3935876 -0.0519902 0.9169841 0.3935529 -0.0652400 0.9178158 0.3935876 -0.0519902 -0.9271190 0.3727222 0.0390954 -0.9271190 0.3727222 0.0390954 0.9271190 -0.3727222 -0.0390954 0.9271190 -0.3727222 -0.0390954 -0.3864299 0.9219089 0.0274930 -0.3867524 0.9219233 0.0219078 -0.3864299 0.9219089 0.0274930 -0.3867524 0.9219233 0.0219078 0.3867524 -0.9219233 -0.0219078 0.3864299 -0.9219089 -0.0274930 0.3867524 -0.9219233 -0.0219078 0.3864299 -0.9219089 -0.0274930 -0.3684682 -0.9294060 0.0208721 -0.3681615 -0.9293928 0.0261933 -0.3681615 -0.9293928 0.0261933 -0.3684682 -0.9294060 0.0208721 0.3684682 0.9294060 -0.0208721 0.3684682 0.9294060 -0.0208721 0.3681615 0.9293928 -0.0261933 0.3681615 0.9293928 -0.0261933 -0.9184857 -0.3935529 0.0387313 -0.9184857 -0.3935529 0.0387313 0.9184857 0.3935529 -0.0387313 0.9184857 0.3935529 -0.0387313 -0.9275779 0.3727700 -0.0253321 -0.9278961 0.3727222 -0.0093256 -0.9275779 0.3727700 -0.0253321 -0.9278961 0.3727222 -0.0093256 0.9278961 -0.3727222 0.0093256 0.9275779 -0.3727700 0.0253321 0.9278961 -0.3727222 0.0093256 0.9275779 -0.3727700 0.0253321 -0.3870627 0.9219089 0.0163219 -0.3870627 0.9219089 0.0163219 0.3870627 -0.9219089 -0.0163219 0.3870627 -0.9219089 -0.0163219 0.3812203 0.9240863 -0.0271224 0.3815383 0.9241003 -0.0216125 0.3812203 0.9240863 -0.0271224 0.3815383 0.9241003 -0.0216125 -0.3815383 -0.9241003 0.0216125 -0.3812203 -0.9240863 0.0271224 -0.3815383 -0.9241003 0.0216125 -0.3812203 -0.9240863 0.0271224 0.3997494 -0.9163447 -0.0226440 0.3994157 -0.9163294 -0.0284169 0.3994157 -0.9163294 -0.0284169 0.3997494 -0.9163447 -0.0226440 -0.3997494 0.9163447 0.0226440 -0.3997494 0.9163447 0.0226440 -0.3994157 0.9163294 0.0284169 -0.3994157 0.9163294 0.0284169 -0.3687644 -0.9293928 0.0155503 -0.3687644 -0.9293928 0.0155503 0.3687644 0.9293928 -0.0155503 0.3687644 0.9293928 -0.0155503 -0.9189381 -0.3936024 -0.0250962 -0.9192555 -0.3935529 -0.0092387 -0.9189381 -0.3936024 -0.0250962 -0.9192555 -0.3935529 -0.0092387 0.9192555 0.3935529 0.0092387 0.9189381 0.3936024 0.0250962 0.9192555 0.3935529 0.0092387 0.9189381 0.3936024 0.0250962 -0.9270220 0.3727222 -0.0413322 -0.9270220 0.3727222 -0.0413322 0.9270220 -0.3727222 0.0413322 0.9270220 -0.3727222 0.0413322 -0.3873872 0.9219089 -0.0038933 -0.3872133 0.9219295 -0.0105748 -0.3873872 0.9219089 -0.0038933 -0.3872133 0.9219295 -0.0105748 0.3872133 -0.9219295 0.0105748 0.3873872 -0.9219089 0.0038933 0.3872133 -0.9219295 0.0105748 0.3873872 -0.9219089 0.0038933 0.3818446 0.9240863 -0.0161019 0.3818446 0.9240863 -0.0161019 -0.3818446 -0.9240863 0.0161019 -0.3818446 -0.9240863 0.0161019 0.9213524 0.3831617 -0.0655508 0.9221888 0.3831958 -0.0522379 0.9213524 0.3831617 -0.0655508 0.9221888 0.3831958 -0.0522379 -0.9221888 -0.3831958 0.0522379 -0.9213524 -0.3831617 0.0655508 -0.9221888 -0.3831958 0.0522379 -0.9213524 -0.3831617 0.0655508 0.9256033 -0.3727222 -0.0658532 0.9264443 -0.3727557 -0.0524790 0.9256033 -0.3727222 -0.0658532 0.9264443 -0.3727557 -0.0524790 -0.9264443 0.3727557 0.0524790 -0.9256033 0.3727222 0.0658532 -0.9264443 0.3727557 0.0524790 -0.9256033 0.3727222 0.0658532 0.4000698 -0.9163294 -0.0168704 0.4000698 -0.9163294 -0.0168704 -0.4000698 0.9163294 0.0168704 -0.4000698 0.9163294 0.0168704 -0.3689071 -0.9294117 -0.0100748 -0.3690734 -0.9293928 -0.0037093 -0.3690734 -0.9293928 -0.0037093 -0.3689071 -0.9294117 -0.0100748 0.3689071 0.9294117 0.0100748 0.3689071 0.9294117 0.0100748 0.3690734 0.9293928 0.0037093 0.3690734 0.9293928 0.0037093 -0.9183896 -0.3935529 -0.0409473 -0.9183896 -0.3935529 -0.0409473 0.9183896 0.3935529 0.0409473 0.9183896 0.3935529 0.0409473 -0.9224947 0.3727222 -0.1004076 -0.9224947 0.3727222 -0.1004076 -0.9224947 0.3727222 -0.1004076 -0.9224947 0.3727222 -0.1004076 0.9224947 -0.3727222 0.1004076 0.9224947 -0.3727222 0.1004076 0.9224947 -0.3727222 0.1004076 0.9224947 -0.3727222 0.1004076 -0.3870222 0.9219089 -0.0172558 -0.3870222 0.9219089 -0.0172558 0.3870222 -0.9219089 0.0172558 0.3870222 -0.9219089 0.0172558 0.3821647 0.9240863 0.0038409 0.3819930 0.9241064 0.0104322 0.3821647 0.9240863 0.0038409 0.3819930 0.9241064 0.0104322 -0.3819930 -0.9241064 -0.0104322 -0.3821647 -0.9240863 -0.0038409 -0.3819930 -0.9241064 -0.0104322 -0.3821647 -0.9240863 -0.0038409 0.9228611 0.3831617 -0.0389158 0.9228611 0.3831617 -0.0389158 -0.9228611 -0.3831617 0.0389158 -0.9228611 -0.3831617 0.0389158 0.9271190 -0.3727222 -0.0390954 0.9271190 -0.3727222 -0.0390954 -0.9271190 0.3727222 0.0390954 -0.9271190 0.3727222 0.0390954 0.4002261 -0.9163513 0.0109302 0.4004051 -0.9163294 0.0040242 0.4004051 -0.9163294 0.0040242 0.4002261 -0.9163513 0.0109302 -0.4002261 0.9163513 -0.0109302 -0.4002261 0.9163513 -0.0109302 -0.4004051 0.9163294 -0.0040242 -0.4004051 0.9163294 -0.0040242 -0.3687258 -0.9293928 -0.0164400 -0.3687258 -0.9293928 -0.0164400 0.3687258 0.9293928 0.0164400 0.3687258 0.9293928 0.0164400 -0.9139044 -0.3935529 -0.0994726 -0.9139044 -0.3935529 -0.0994726 -0.9139044 -0.3935529 -0.0994726 -0.9139044 -0.3935529 -0.0994726 0.9139044 0.3935529 0.0994726 0.9139044 0.3935529 0.0994726 0.9139044 0.3935529 0.0994726 0.9139044 0.3935529 0.0994726 -0.3851321 0.9219089 -0.0419191 -0.3851321 0.9219089 -0.0419191 -0.3851321 0.9219089 -0.0419191 -0.3851321 0.9219089 -0.0419191 0.3851321 -0.9219089 0.0419191 0.3851321 -0.9219089 0.0419191 0.3851321 -0.9219089 0.0419191 0.3851321 -0.9219089 0.0419191 0.3818046 0.9240863 0.0170231 0.3818046 0.9240863 0.0170231 -0.3818046 -0.9240863 -0.0170231 -0.3818046 -0.9240863 -0.0170231 0.9236346 0.3831617 0.0092828 0.9233168 0.3832104 0.0252158 0.9236346 0.3831617 0.0092828 0.9233168 0.3832104 0.0252158 -0.9233168 -0.3832104 -0.0252158 -0.9236346 -0.3831617 -0.0092828 -0.9233168 -0.3832104 -0.0252158 -0.9236346 -0.3831617 -0.0092828 0.9278961 -0.3727222 0.0093256 0.9275779 -0.3727700 0.0253321 0.9278961 -0.3727222 0.0093256 0.9275779 -0.3727700 0.0253321 -0.9275779 0.3727700 -0.0253321 -0.9278961 0.3727222 -0.0093256 -0.9275779 0.3727700 -0.0253321 -0.9278961 0.3727222 -0.0093256 0.4000279 -0.9163294 0.0178356 0.4000279 -0.9163294 0.0178356 -0.4000279 0.9163294 -0.0178356 -0.4000279 0.9163294 -0.0178356 -0.3669250 -0.9293928 -0.0399374 -0.3669250 -0.9293928 -0.0399374 -0.3669250 -0.9293928 -0.0399374 -0.3669250 -0.9293928 -0.0399374 0.3669250 0.9293928 0.0399374 0.3669250 0.9293928 0.0399374 0.3669250 0.9293928 0.0399374 0.3669250 0.9293928 0.0399374 0.3799400 0.9240863 0.0413540 0.3799400 0.9240863 0.0413540 0.3799400 0.9240863 0.0413540 0.3799400 0.9240863 0.0413540 -0.3799400 -0.9240863 -0.0413540 -0.3799400 -0.9240863 -0.0413540 -0.3799400 -0.9240863 -0.0413540 -0.3799400 -0.9240863 -0.0413540 0.9227645 0.3831617 0.0411424 0.9227645 0.3831617 0.0411424 -0.9227645 -0.3831617 -0.0411424 -0.9227645 -0.3831617 -0.0411424 0.9270220 -0.3727222 0.0413322 0.9270220 -0.3727222 0.0413322 -0.9270220 0.3727222 -0.0413322 -0.9270220 0.3727222 -0.0413322 0.3980743 -0.9163294 0.0433278 0.3980743 -0.9163294 0.0433278 0.3980743 -0.9163294 0.0433278 0.3980743 -0.9163294 0.0433278 -0.3980743 0.9163294 -0.0433278 -0.3980743 0.9163294 -0.0433278 -0.3980743 0.9163294 -0.0433278 -0.3980743 0.9163294 -0.0433278 0.9182580 0.3831617 0.0999465 0.9182580 0.3831617 0.0999465 0.9182580 0.3831617 0.0999465 0.9182580 0.3831617 0.0999465 -0.9182580 -0.3831617 -0.0999465 -0.9182580 -0.3831617 -0.0999465 -0.9182580 -0.3831617 -0.0999465 -0.9182580 -0.3831617 -0.0999465 0.9224947 -0.3727222 0.1004076 0.9224947 -0.3727222 0.1004076 0.9224947 -0.3727222 0.1004076 0.9224947 -0.3727222 0.1004076 -0.9224947 0.3727222 -0.1004076 -0.9224947 0.3727222 -0.1004076 -0.9224947 0.3727222 -0.1004076 -0.9224947 0.3727222 -0.1004076</float_array>
                    <technique_common>
                        <accessor count="256" source="#ID17" stride="3">
                            <param name="X" type="float" />
                            <param name="Y" type="float" />
                            <param name="Z" type="float" />
                        </accessor>
                    </technique_common>
                </source>
                <source id="ID13">
                    <float_array id="ID18" count="96">0.2093839 3.8537744 0.0614254 -0.0292300 0.0994148 3.8531991 0.1713815 -0.0299846 0.1775220 -0.0300268 0.2155251 3.8538065 0.1467177 6.3902723 0.0368408 6.3859639 0.4827394 3.8552045 0.4447047 -0.0318605 0.4892347 3.8552385 0.4511992 -0.0319051 0.1528538 6.3905129 -0.1176013 9.4222391 -0.2271310 9.4139484 0.4198440 6.4009818 0.7530415 3.8566186 0.7149748 -0.0337154 0.7591134 3.8566504 0.7210460 -0.0337571 0.4263338 6.4012363 -0.1114846 9.4227021 -0.4243991 11.8056884 -0.5333490 11.7928933 0.1546620 9.4428475 0.6899194 6.4115718 0.8660884 3.8572101 0.8280083 -0.0344912 0.6959862 6.4118096 0.1611313 9.4433372 -0.4183147 11.8064029 -0.8840288 14.0315146 -0.9923802 14.0158211 -0.1535770 11.8374937 0.4238841 9.4632258 0.8028715 6.4160007 0.4299317 9.4636836 -0.1471419 11.8382494 -0.8779779 14.0323911 -0.6146946 14.0705248 0.1142199 11.8689438 0.5364793 9.4717485 0.1202355 11.8696503 -0.6082949 14.0714518 -0.3483688 14.1090993 0.2262191 11.8820970 -0.3423863 14.1099658 -0.2369849 14.1252321</float_array>
                    <technique_common>
                        <accessor count="48" source="#ID18" stride="2">
                            <param name="S" type="float" />
                            <param name="T" type="float" />
                        </accessor>
                    </technique_common>
                </source>
                <vertices id="ID12">
                    <input semantic="POSITION" source="#ID10" />
                    <input semantic="NORMAL" source="#ID11" />
                </vertices>
                <triangles count="80" material="Material2">
                    <input offset="0" semantic="VERTEX" source="#ID12" />
                    <input offset="1" semantic="TEXCOORD" source="#ID13" />
                    <p>0 0 1 1 2 2 1 1 0 0 3 3 8 2 9 4 10 5 9 4 8 2 11 1 16 6 2 2 17 7 2 2 16 6 0 0 20 3 21 8 22 9 21 8 20 3 23 0 28 10 29 4 30 11 29 4 28 10 31 5 36 7 10 5 37 12 10 5 36 7 8 2 40 13 41 7 42 14 41 7 40 13 43 6 23 0 48 15 21 8 48 15 23 0 49 6 52 9 53 16 54 17 53 16 52 9 55 8 60 18 61 11 62 19 61 11 60 18 63 10 68 20 31 5 28 10 31 5 68 20 69 12 72 14 73 12 74 21 73 12 72 14 75 7 80 22 42 14 81 23 42 14 80 22 40 13 84 6 85 24 86 15 85 24 84 6 87 13 55 8 92 25 53 16 92 25 55 8 93 15 96 17 97 26 98 27 97 26 96 17 99 16 104 27 105 18 106 19 105 18 104 27 107 26 112 28 63 10 60 18 63 10 112 28 113 20 116 29 117 12 118 20 117 12 116 29 119 21 124 23 74 21 125 30 74 21 124 23 72 14 128 31 129 23 130 32 129 23 128 31 131 22 136 22 85 24 87 13 85 24 136 22 137 33 140 15 141 34 142 25 141 34 140 15 143 24 99 16 148 35 97 26 148 35 99 16 149 25 107 26 152 28 105 18 152 28 107 26 153 35 156 36 157 20 158 28 157 20 156 36 159 29 116 29 164 30 119 21 164 30 116 29 165 37 168 32 169 30 170 38 169 30 168 32 171 23 176 31 177 33 178 22 177 33 176 31 179 39 184 33 141 34 143 24 141 34 184 33 185 40 188 25 189 41 190 35 189 41 188 25 191 34 196 35 197 36 198 28 197 36 196 35 199 41 156 36 204 37 159 29 204 37 156 36 205 42 208 37 209 38 210 30 209 38 208 37 211 43 216 39 217 40 218 33 217 40 216 39 219 44 191 34 224 45 189 41 224 45 191 34 225 40 199 41 228 42 197 36 228 42 199 41 229 45 232 42 233 43 234 37 233 43 232 42 235 46 240 40 241 47 242 45 241 47 240 40 243 44 248 45 249 46 250 42 249 46 248 45 251 47</p>
                </triangles>
                <triangles count="80" material="Material3">
                    <input offset="0" semantic="VERTEX" source="#ID12" />
                    <p>4 5 6 7 6 5 12 13 14 15 14 13 5 18 7 19 7 18 24 25 26 27 26 25 32 33 34 35 34 33 13 38 15 39 15 38 44 45 46 47 46 45 50 24 51 26 51 24 56 57 58 59 58 57 64 65 66 67 66 65 70 71 32 33 32 71 76 77 78 79 78 77 45 82 47 83 47 82 88 89 90 91 90 89 94 56 95 58 95 56 100 101 102 103 102 101 108 109 110 111 110 109 114 115 64 65 64 115 120 121 122 123 122 121 77 126 79 127 79 126 132 133 134 135 134 133 138 139 90 88 90 139 144 145 146 147 146 145 150 100 151 102 151 100 154 108 155 110 155 108 160 161 162 163 162 161 166 121 167 120 167 121 172 173 174 175 174 173 180 181 182 183 182 181 186 187 146 144 146 187 192 193 194 195 194 193 200 201 202 203 202 201 206 161 207 160 207 161 212 213 214 215 214 213 220 221 222 223 222 221 226 192 227 194 227 192 230 200 231 202 231 200 236 237 238 239 238 237 244 245 246 247 246 245 252 253 254 255 254 253</p>
                </triangles>
            </mesh>
        </geometry>
        <geometry id="ID21">
            <mesh>
                <source id="ID27">
