<?xml version="1.0" encoding="UTF-8" standalone="no" ?>
<COLLADA xmlns="http://www.collada.org/2005/11/COLLADASchema" version="1.4.1">
    <asset>
        <contributor>
            <authoring_tool>SketchUp 14.0.4899</authoring_tool>
        </contributor>
        <created>2014-06-02T15:46:25Z</created>
        <modified>2014-06-02T15:46:25Z</modified>
        <unit meter="0.0254000" name="inch" />
        <up_axis>Z_UP</up_axis>
    </asset>
    <library_visual_scenes>
        <visual_scene id="ID1">
            <node name="SketchUp">
                <node id="ID2" name="group_0">
                    <matrix>1.0000000 0.0000000 0.0000000 -20.1569560 0.0000000 1.0000000 0.0000000 -30.0563842 0.0000000 0.0000000 1.0000000 18.8033460 0.0000000 0.0000000 0.0000000 1.0000000</matrix>
                    <node id="ID3" name="instance_0">
                        <matrix>-0.6597396 -0.7500000 0.0473672 53.9923438 0.4355957 -0.4330127 -0.7891491 43.8801445 0.6123724 -0.5000000 0.6123724 23.6857507 0.0000000 0.0000000 0.0000000 1.0000000</matrix>
                        <instance_node url="#ID4" />
                    </node>
                    <node id="ID49" name="instance_6">
                        <matrix>-0.8372289 -0.0848845 -0.5402243 43.0537115 0.0713251 -0.9963908 0.0460228 54.0999766 -0.5421812 -0.0000000 0.8402616 23.5544606 0.0000000 0.0000000 0.0000000 1.0000000</matrix>
                        <instance_node url="#ID4" />
                    </node>
                    <node id="ID50" name="instance_7">
                        <matrix>-0.3535533 0.8660254 0.3535534 4.5661650 -0.6123724 -0.5000000 0.6123725 43.2010608 0.7071069 0.0000000 0.7071067 9.5521097 0.0000000 0.0000000 0.0000000 1.0000000</matrix>
                        <instance_node url="#ID4" />
                    </node>
                    <node id="ID51" name="instance_8">
                        <matrix>0.3959773 0.6781420 0.6191328 -1.3219183 -0.6073575 0.6991145 -0.3773006 20.6602610 -0.6887081 -0.2266325 0.6887081 30.1683445 0.0000000 0.0000000 0.0000000 1.0000000</matrix>
                        <instance_node url="#ID4" />
                    </node>
                    <node id="ID52" name="instance_9">
                        <matrix>0.8660254 0.2500000 -0.4330127 16.3490623 0.0000000 0.8660254 0.5000000 0.7813093 0.5000000 -0.4330127 0.7500000 21.4279967 0.0000000 0.0000000 0.0000000 1.0000000</matrix>
                        <instance_node url="#ID4" />
                    </node>
                    <node id="ID53" name="instance_10">
                        <matrix>0.4330127 -0.6250000 -0.6495191 46.8259386 0.7500000 0.6495190 -0.1250000 5.8290676 0.5000000 -0.4330127 0.7500000 21.9279972 0.0000000 0.0000000 0.0000000 1.0000000</matrix>
                        <instance_node url="#ID4" />
                    </node>
                    <node id="ID54" name="instance_11">
                        <matrix>-0.2500000 0.8660254 -0.4330127 10.4158395 -0.4330127 -0.5000000 -0.7500000 53.3688926 -0.8660254 -0.0000000 0.5000000 30.4255621 0.0000000 0.0000000 0.0000000 1.0000000</matrix>
                        <instance_node url="#ID4" />
                    </node>
                </node>
                <node id="ID55" name="group_1">
                    <matrix>1.0000000 0.0000000 0.0000000 -17.3045594 0.0000000 1.0000000 0.0000000 -26.3409458 0.0000000 0.0000000 1.0000000 40.2498605 0.0000000 0.0000000 0.0000000 1.0000000</matrix>
                    <node id="ID56" name="instance_12">
                        <matrix>-0.5612883 0.5000000 0.6595115 7.9794637 -0.7615383 0.0000000 -0.6481199 40.8614800 -0.3240599 -0.8660254 0.3807692 22.7923320 0.0000000 0.0000000 0.0000000 1.0000000</matrix>
                        <instance_node url="#ID4" />
                    </node>
                    <node id="ID57" name="instance_13">
                        <matrix>-1.0000000 0.0000000 -0.0000000 33.1555408 0.0000000 -0.5000000 -0.8660254 49.0782487 -0.0000000 -0.8660254 0.5000000 18.5804891 0.0000000 0.0000000 0.0000000 1.0000000</matrix>
                        <instance_node url="#ID4" />
                    </node>
                    <node id="ID58" name="instance_14">
                        <matrix>0.4330127 -0.5000000 -0.7500000 40.8038822 0.8660254 -0.0000000 0.5000000 9.8876685 -0.2500000 -0.8660254 0.4330127 21.6722945 0.0000000 0.0000000 0.0000000 1.0000000</matrix>
                        <instance_node url="#ID4" />
                    </node>
                    <node id="ID59" name="instance_15">
                        <matrix>0.7071068 -0.0000000 0.7071068 7.3607560 -0.4564075 0.7637960 0.4564075 6.2475304 -0.5400854 -0.6454577 0.5400854 17.8081774 0.0000000 0.0000000 0.0000000 1.0000000</matrix>
                        <instance_node url="#ID4" />
                    </node>
                </node>
                <node id="ID60" name="group_2">
                    <matrix>0.8660254 -0.0000000 0.5000000 -9.4259957 0.0000000 1.0000000 0.0000000 -21.9090633 -0.5000000 0.0000000 0.8660254 51.1543058 0.0000000 0.0000000 0.0000000 1.0000000</matrix>
                    <node id="ID61" name="instance_16">
                        <matrix>0.7230379 0.4769710 0.4997147 -9.6566089 -0.5615516 -0.0154918 0.8272967 18.3820598 0.4023380 -0.8787825 0.2566427 18.0962281 0.0000000 0.0000000 0.0000000 1.0000000</matrix>
                        <instance_node url="#ID4" />
                    </node>
                    <node id="ID62" name="instance_17">
                        <matrix>-0.0388287 0.3487468 -0.9364123 19.0432826 0.8030218 -0.5468192 -0.2369487 29.4368053 -0.5946833 -0.7611599 -0.2588190 30.5148299 0.0000000 0.0000000 0.0000000 1.0000000</matrix>
                        <instance_node url="#ID4" />
                    </node>
                    <node id="ID63" name="instance_18">
                        <matrix>-0.3960829 0.2042300 0.8952142 4.7306624 -0.9157680 -0.1589887 -0.3689059 39.8187306 0.0669873 -0.9659258 0.2500000 22.8129873 0.0000000 0.0000000 0.0000000 1.0000000</matrix>
                        <instance_node url="#ID4" />
                    </node>
                    <node id="ID64" name="instance_19">
                        <matrix>0.1033923 0.3456132 -0.9326637 19.2399338 0.7621653 0.5749513 0.2975485 -4.4970036 0.6390729 -0.7416081 -0.2039688 14.5005452 0.0000000 0.0000000 0.0000000 1.0000000</matrix>
                        <instance_node url="#ID4" />
                    </node>
                </node>
                <node id="ID65" name="instance_20">
                    <matrix>1.0000000 0.0000000 0.0000000 -1.4371948 0.0000000 1.0000000 0.0000000 -4.0765454 0.0000000 0.0000000 1.0000000 0.6910513 0.0000000 0.0000000 0.0000000 1.0000000</matrix>
                    <instance_node url="#ID66" />
                </node>
                <node id="ID108" name="instance_23">
                    <matrix>1.0000000 0.0000000 0.0000000 6.8491148 0.0000000 1.0000000 0.0000000 -0.5829277 0.0000000 0.0000000 1.0000000 41.3698811 0.0000000 0.0000000 0.0000000 1.0000000</matrix>
                    <instance_node url="#ID109" />
                </node>
            </node>
        </visual_scene>
    </library_visual_scenes>
    <library_nodes>
        <node id="ID4" name="eurofanPalm_hand_stem">
            <node id="ID5" name="instance_1">
                <matrix>1.0000000 0.0000000 0.0000000 10.5951577 0.0000000 1.0000000 0.0000000 8.5372788 0.0000000 0.0000000 1.0000000 -3.4856245 0.0000000 0.0000000 0.0000000 1.0000000</matrix>
                <instance_node url="#ID6" />
            </node>
            <node id="ID34" name="instance_5">
                <matrix>0.0000000 -1.0000000 0.0000000 10.9534941 1.0000000 0.0000000 0.0000000 26.7254735 -0.0000000 0.0000000 1.0000000 10.8441189 0.0000000 0.0000000 0.0000000 1.0000000</matrix>
                <instance_node url="#ID35" />
            </node>
        </node>
        <node id="ID6" name="eurofanPalm_hand">
            <node id="ID7" name="instance_2">
                <matrix>1.0000000 0.0000000 0.0000000 -10.5951577 -0.0000000 0.5000000 0.8660254 -10.1622788 0.0000000 -0.8660254 0.5000000 6.3002071 0.0000000 0.0000000 0.0000000 1.0000000</matrix>
                <instance_node url="#ID8" />
            </node>
        </node>
        <node id="ID8" name="eurofan_hand1">
            <node id="ID9" name="instance_3">
                <matrix>1.0000000 0.0000000 0.0000000 10.5951577 0.0000000 1.0000000 0.0000000 2.5000000 0.0000000 0.0000000 1.0000000 0.0000000 0.0000000 0.0000000 0.0000000 1.0000000</matrix>
                <instance_node url="#ID10" />
            </node>
            <node id="ID24" name="instance_4">
                <matrix>-1.0000000 0.0000000 0.0000000 10.7630144 0.0000000 1.0000000 0.0000000 2.5000000 0.0000000 -0.0000000 1.0000000 0.0000000 0.0000000 0.0000000 0.0000000 1.0000000</matrix>
                <instance_node url="#ID25" />
            </node>
        </node>
        <node id="ID10" name="eurofan_half">
            <instance_geometry url="#ID11">
                <bind_material>
                    <technique_common>
                        <instance_material symbol="Material2" target="#ID12">
                            <bind_vertex_input semantic="UVSET0" input_semantic="TEXCOORD" input_set="0" />
                        </instance_material>
                    </technique_common>
                </bind_material>
            </instance_geometry>
        </node>
        <node id="ID25" name="eurofan_half">
            <instance_geometry url="#ID26">
                <bind_material>
                    <technique_common>
                        <instance_material symbol="Material2" target="#ID12">
                            <bind_vertex_input semantic="UVSET0" input_semantic="TEXCOORD" input_set="0" />
                        </instance_material>
                    </technique_common>
                </bind_material>
            </instance_geometry>
        </node>
        <node id="ID35" name="EurofanPalm_stem">
            <instance_geometry url="#ID36">
                <bind_material>
                    <technique_common>
                        <instance_material symbol="Material2" target="#ID37">
                            <bind_vertex_input semantic="UVSET0" input_semantic="TEXCOORD" input_set="0" />
                        </instance_material>
                    </technique_common>
                </bind_material>
            </instance_geometry>
        </node>
        <node id="ID66" name="eurofantrunck_a">
            <node id="ID67" name="instance_21">
                <matrix>1.0000000 0.0000000 0.0000000 3.6781205 0.0000000 1.0000000 0.0000000 0.0000000 0.0000000 0.0000000 1.0000000 29.3338993 0.0000000 0.0000000 0.0000000 1.0000000</matrix>
                <instance_node url="#ID68" />
            </node>
            <node id="ID98" name="instance_22">
                <matrix>1.0000000 0.0000000 0.0000000 0.0000000 0.0000000 1.0000000 0.0000000 1.0764942 0.0000000 0.0000000 1.0000000 0.0000000 0.0000000 0.0000000 0.0000000 1.0000000</matrix>
                <instance_node url="#ID99" />
            </node>
        </node>
        <node id="ID68" name="euroneck">
            <instance_geometry url="#ID69">
                <bind_material>
                    <technique_common>
                        <instance_material symbol="Material2" target="#ID70">
                            <bind_vertex_input semantic="UVSET0" input_semantic="TEXCOORD" input_set="0" />
                        </instance_material>
                        <instance_material symbol="Material3" target="#ID76">
                            <bind_vertex_input semantic="UVSET0" input_semantic="TEXCOORD" input_set="0" />
                        </instance_material>
                    </technique_common>
                </bind_material>
            </instance_geometry>
            <instance_geometry url="#ID79">
                <bind_material>
                    <technique_common>
                        <instance_material symbol="Material2" target="#ID76">
                            <bind_vertex_input semantic="UVSET0" input_semantic="TEXCOORD" input_set="0" />
                        </instance_material>
                        <instance_material symbol="Material3" target="#ID80">
                            <bind_vertex_input semantic="UVSET0" input_semantic="TEXCOORD" input_set="0" />
                        </instance_material>
                    </technique_common>
                </bind_material>
            </instance_geometry>
            <instance_geometry url="#ID92">
                <bind_material>
                    <technique_common>
                        <instance_material symbol="Material2" target="#ID93">
                            <bind_vertex_input semantic="UVSET0" input_semantic="TEXCOORD" input_set="0" />
                        </instance_material>
                    </technique_common>
                </bind_material>
            </instance_geometry>
        </node>
        <node id="ID99" name="euroStump">
            <instance_geometry url="#ID100">
                <bind_material>
                    <technique_common>
                        <instance_material symbol="Material2" target="#ID76">
                            <bind_vertex_input semantic="UVSET0" input_semantic="TEXCOORD" input_set="0" />
                        </instance_material>
                        <instance_material symbol="Material3" target="#ID80">
                            <bind_vertex_input semantic="UVSET0" input_semantic="TEXCOORD" input_set="0" />
                        </instance_material>
                    </technique_common>
                </bind_material>
            </instance_geometry>
        </node>
        <node id="ID109" name="eurofanpalm_hands">
            <node id="ID110" name="instance_24">
                <matrix>0.9659258 -0.0000000 0.2588190 -13.0143761 0.0000000 1.0000000 0.0000000 -27.9734566 -0.2588190 0.0000000 0.9659258 -7.3654937 0.0000000 0.0000000 0.0000000 1.0000000</matrix>
                <instance_node url="#ID4" />
            </node>
            <node id="ID111" name="instance_25">
                <matrix>0.3502793 -0.7862479 0.5090369 14.5070900 0.9292857 0.2237302 -0.2938926 -14.6511870 0.1171855 0.5759852 0.8090170 -23.8710721 0.0000000 0.0000000 0.0000000 1.0000000</matrix>
                <instance_node url="#ID4" />
            </node>
            <node id="ID112" name="instance_26">
                <matrix>-0.5000000 -0.8660254 0.0000000 30.4655712 0.8660254 -0.5000000 0.0000000 5.1789959 0.0000000 0.0000000 1.0000000 -10.3441189 0.0000000 0.0000000 0.0000000 1.0000000</matrix>
                <instance_node url="#ID4" />
            </node>
            <node id="ID113" name="instance_27">
                <matrix>-0.8660254 -0.2058097 0.4556779 9.5290126 0.3535534 -0.8964903 0.2670303 19.2164116 0.3535534 0.3923615 0.8491481 -26.3435774 0.0000000 0.0000000 0.0000000 1.0000000</matrix>
                <instance_node url="#ID4" />
            </node>
            <node id="ID114" name="instance_28">
                <matrix>-0.4602524 0.8660254 -0.1953656 -17.1615519 -0.7971806 -0.5000000 -0.3383831 25.1911444 -0.3907311 0.0000000 0.9205049 -5.6706316 0.0000000 0.0000000 0.0000000 1.0000000</matrix>
                <instance_node url="#ID4" />
            </node>
            <node id="ID115" name="instance_29">
                <matrix>0.3209408 0.8365163 -0.4441143 -22.1350241 -0.8147048 0.4829629 0.3209408 -9.0352273 0.4829629 0.2588190 0.8365163 -20.4699805 0.0000000 0.0000000 0.0000000 1.0000000</matrix>
                <instance_node url="#ID4" />
            </node>
            <node id="ID116" name="instance_30">
                <matrix>0.9681003 -0.2169938 0.1252814 -7.9729601 0.2505628 0.8383995 -0.4840502 -22.0714976 -0.0000000 0.5000000 0.8660254 -25.2751694 0.0000000 0.0000000 0.0000000 1.0000000</matrix>
                <instance_node url="#ID4" />
            </node>
            <node id="ID117" name="instance_31">
                <matrix>-0.2006884 0.8803698 -0.4297362 -18.3869009 -0.9499882 -0.2820223 -0.1341110 21.3003623 -0.2392624 0.3813298 0.8929396 -22.9002912 0.0000000 0.0000000 0.0000000 1.0000000</matrix>
                <instance_node url="#ID4" />
            </node>
        </node>
    </library_nodes>
    <library_geometries>
        <geometry id="ID11">
            <mesh>
                <source id="ID17">
                    <float_array id="ID21" count="54">0.0839284 0.0000000 19.5716632 10.7630144 -1.2500000 6.6674150 9.9924632 -2.5000000 18.2222417 9.9924632 -2.5000000 18.2222417 10.7630144 -1.2500000 6.6674150 0.0839284 0.0000000 19.5716632 0.0839284 0.0000000 19.5716632 6.2027537 0.0000000 1.5838902 10.7630144 -1.2500000 6.6674150 10.7630144 -1.2500000 6.6674150 6.2027537 0.0000000 1.5838902 0.0839284 0.0000000 19.5716632 0.0839284 0.0000000 19.5716632 0.0000000 0.7500000 0.0000000 6.2027537 0.0000000 1.5838902 6.2027537 0.0000000 1.5838902 0.0000000 0.7500000 0.0000000 0.0839284 0.0000000 19.5716632</float_array>
                    <technique_common>
                        <accessor count="18" source="#ID21" stride="3">
                            <param name="X" type="float" />
                            <param name="Y" type="float" />
                            <param name="Z" type="float" />
                        </accessor>
                    </technique_common>
                </source>
                <source id="ID18">
                    <float_array id="ID22" count="54">-0.2582960 -0.9584693 -0.1209120 -0.2582960 -0.9584693 -0.1209120 -0.2582960 -0.9584693 -0.1209120 0.2582960 0.9584693 0.1209120 0.2582960 0.9584693 0.1209120 0.2582960 0.9584693 0.1209120 -0.1945042 -0.9786677 -0.0661637 -0.1945042 -0.9786677 -0.0661637 -0.1945042 -0.9786677 -0.0661637 0.1945042 0.9786677 0.0661637 0.1945042 0.9786677 0.0661637 0.1945042 0.9786677 0.0661637 -0.1104903 -0.9931663 -0.0375850 -0.1104903 -0.9931663 -0.0375850 -0.1104903 -0.9931663 -0.0375850 0.1104903 0.9931663 0.0375850 0.1104903 0.9931663 0.0375850 0.1104903 0.9931663 0.0375850</float_array>
                    <technique_common>
                        <accessor count="18" source="#ID22" stride="3">
                            <param name="X" type="float" />
                            <param name="Y" type="float" />
                            <param name="Z" type="float" />
                        </accessor>
                    </technique_common>
                </source>
                <source id="ID20">
                    <float_array id="ID23" count="10">0.0068513 0.9969217 0.8786134 0.3396181 0.8157113 0.9281863 0.5063472 0.0806786 0.0000000 0.0000000</float_array>
                    <technique_common>
                        <accessor count="5" source="#ID23" stride="2">
                            <param name="S" type="float" />
                            <param name="T" type="float" />
                        </accessor>
                    </technique_common>
                </source>
                <vertices id="ID19">
                    <input semantic="POSITION" source="#ID17" />
                    <input semantic="NORMAL" source="#ID18" />
                </vertices>
                <triangles count="6" material="Material2">
                    <input offset="0" semantic="VERTEX" source="#ID19" />
                    <input offset="1" semantic="TEXCOORD" source="#ID20" />
                    <p>0 0 1 1 2 2 3 2 4 1 5 0 6 0 7 3 8 1 9 1 10 3 11 0 12 0 13 4 14 3 15 3 16 4 17 0</p>
                </triangles>
            </mesh>
        </geometry>
        <geometry id="ID26">
            <mesh>
                <source id="ID27">
                    <float_array id="ID31" count="54">9.9924632 -2.5000000 18.2222417 10.7630144 -1.2500000 6.6674150 0.0839284 0.0000000 19.5716632 0.0839284 0.0000000 19.5716632 10.7630144 -1.2500000 6.6674150 9.9924632 -2.5000000 18.2222417 10.7630144 -1.2500000 6.6674150 6.2027537 0.0000000 1.5838902 0.0839284 0.0000000 19.5716632 0.0839284 0.0000000 19.5716632 6.2027537 0.0000000 1.5838902 10.7630144 -1.2500000 6.6674150 6.2027537 0.0000000 1.5838902 0.0000000 0.7500000 0.0000000 0.0839284 0.0000000 19.5716632 0.0839284 0.0000000 19.5716632 0.0000000 0.7500000 0.0000000 6.2027537 0.0000000 1.5838902</float_array>
                    <technique_common>
                        <accessor count="18" source="#ID31" stride="3">
                            <param name="X" type="float" />
                            <param name="Y" type="float" />
                            <param name="Z" type="float" />
                        </accessor>
                    </technique_common>
                </source>
                <source id="ID28">
                    <float_array id="ID32" count="54">-0.2582960 -0.9584693 -0.1209120 -0.2582960 -0.9584693 -0.1209120 -0.2582960 -0.9584693 -0.1209120 0.2582960 0.9584693 0.1209120 0.2582960 0.9584693 0.1209120 0.2582960 0.9584693 0.1209120 -0.1945042 -0.9786677 -0.0661637 -0.1945042 -0.9786677 -0.0661637 -0.1945042 -0.9786677 -0.0661637 0.1945042 0.9786677 0.0661637 0.1945042 0.9786677 0.0661637 0.1945042 0.9786677 0.0661637 -0.1104903 -0.9931663 -0.0375850 -0.1104903 -0.9931663 -0.0375850 -0.1104903 -0.9931663 -0.0375850 0.1104903 0.9931663 0.0375850 0.1104903 0.9931663 0.0375850 0.1104903 0.9931663 0.0375850</float_array>
                    <technique_common>
                        <accessor count="18" source="#ID32" stride="3">
                            <param name="X" type="float" />
                            <param name="Y" type="float" />
                            <param name="Z" type="float" />
                        </accessor>
                    </technique_common>
                </source>
                <source id="ID30">
                    <float_array id="ID33" count="10">0.8157113 0.9281863 0.8786134 0.3396181 0.0068513 0.9969217 0.5063472 0.0806786 0.0000000 0.0000000</float_array>
                    <technique_common>
                        <accessor count="5" source="#ID33" stride="2">
                            <param name="S" type="float" />
                            <param name="T" type="float" />
                        </accessor>
                    </technique_common>
                </source>
                <vertices id="ID29">
                    <input semantic="POSITION" source="#ID27" />
                    <input semantic="NORMAL" source="#ID28" />
                </vertices>
                <triangles count="6" material="Material2">
                    <input offset="0" semantic="VERTEX" source="#ID29" />
                    <input offset="1" semantic="TEXCOORD" source="#ID30" />
                    <p>0 0 1 1 2 2 3 2 4 1 5 0 6 1 7 3 8 2 9 2 10 3 11 1 12 3 13 4 14 2 15 2 16 4 17 3</p>
                </triangles>
            </mesh>
        </geometry>
        <geometry id="ID36">
            <mesh>
                <source id="ID42">
                    <float_array id="ID46" count="348">-1.3849399 -0.0000000 -0.0625000 0.0000000 0.1810345 -0.7500000 -1.3849399 0.1810345 -0.3125000 -1.3849399 0.1810345 -0.3125000 0.0000000 0.1810345 -0.7500000 -1.3849399 -0.0000000 -0.0625000 -1.3849399 0.3620690 -0.0625000 -1.3849399 0.1810345 -0.3125000 0.0000000 0.1810345 -0.7500000 0.0000000 0.1810345 -0.7500000 -1.3849399 0.1810345 -0.3125000 -1.3849399 0.3620690 -0.0625000 -3.2382482 0.0000000 0.3125000 -1.3849399 -0.0000000 -0.0625000 -1.3849399 0.1810345 -0.3125000 -1.3849399 0.1810345 -0.3125000 -1.3849399 -0.0000000 -0.0625000 -3.2382482 0.0000000 0.3125000 0.0000000 0.0000000 -0.5000000 0.0000000 0.0000000 -0.5000000 -1.3849399 0.3620690 -0.0625000 0.0000000 0.1810345 -0.7500000 0.0000000 0.3620690 -0.5000000 0.0000000 0.3620690 -0.5000000 0.0000000 0.1810345 -0.7500000 -1.3849399 0.3620690 -0.0625000 -3.2382482 0.3620690 0.3125000 -1.3849399 0.1810345 -0.3125000 -1.3849399 0.3620690 -0.0625000 -1.3849399 0.3620690 -0.0625000 -1.3849399 0.1810345 -0.3125000 -3.2382482 0.3620690 0.3125000 -3.2382482 0.0000000 0.3125000 -1.3849399 0.1810345 -0.3125000 -3.2382482 0.1810345 0.0625000 -3.2382482 0.1810345 0.0625000 -1.3849399 0.1810345 -0.3125000 -3.2382482 0.0000000 0.3125000 -3.2382482 0.3620690 0.3125000 -3.2382482 0.1810345 0.0625000 -1.3849399 0.1810345 -0.3125000 -1.3849399 0.1810345 -0.3125000 -3.2382482 0.1810345 0.0625000 -3.2382482 0.3620690 0.3125000 -5.6773172 0.0000000 0.5000000 -3.2382482 0.0000000 0.3125000 -3.2382482 0.1810345 0.0625000 -3.2382482 0.1810345 0.0625000 -3.2382482 0.0000000 0.3125000 -5.6773172 0.0000000 0.5000000 -5.6773172 0.3620690 0.5000000 -3.2382482 0.1810345 0.0625000 -3.2382482 0.3620690 0.3125000 -3.2382482 0.3620690 0.3125000 -3.2382482 0.1810345 0.0625000 -5.6773172 0.3620690 0.5000000 -5.6773172 0.0000000 0.5000000 -3.2382482 0.1810345 0.0625000 -5.6773172 0.1810345 0.3125000 -5.6773172 0.1810345 0.3125000 -3.2382482 0.1810345 0.0625000 -5.6773172 0.0000000 0.5000000 -5.6773172 0.3620690 0.5000000 -5.6773172 0.1810345 0.3125000 -3.2382482 0.1810345 0.0625000 -3.2382482 0.1810345 0.0625000 -5.6773172 0.1810345 0.3125000 -5.6773172 0.3620690 0.5000000 -5.6773172 0.0000000 0.5000000 -5.6773172 0.1810345 0.3125000 -8.0886586 0.0000000 0.2500000 -8.0886586 0.0000000 0.2500000 -5.6773172 0.1810345 0.3125000 -5.6773172 0.0000000 0.5000000 -5.6773172 0.3620690 0.5000000 -8.0886586 0.3620690 0.2500000 -5.6773172 0.1810345 0.3125000 -5.6773172 0.1810345 0.3125000 -8.0886586 0.3620690 0.2500000 -5.6773172 0.3620690 0.5000000 -5.6773172 0.1810345 0.3125000 -8.0886586 0.1810345 0.0625000 -8.0886586 0.0000000 0.2500000 -8.0886586 0.0000000 0.2500000 -8.0886586 0.1810345 0.0625000 -5.6773172 0.1810345 0.3125000 -5.6773172 0.1810345 0.3125000 -8.0886586 0.3620690 0.2500000 -8.0886586 0.1810345 0.0625000 -8.0886586 0.1810345 0.0625000 -8.0886586 0.3620690 0.2500000 -5.6773172 0.1810345 0.3125000 -8.0886586 0.0000000 0.2500000 -8.0886586 0.1810345 0.0625000 -10.2500000 0.0000000 -0.5000000 -10.2500000 0.0000000 -0.5000000 -8.0886586 0.1810345 0.0625000 -8.0886586 0.0000000 0.2500000 -8.0886586 0.3620690 0.2500000 -10.2500000 0.3620690 -0.5000000 -8.0886586 0.1810345 0.0625000 -8.0886586 0.1810345 0.0625000 -10.2500000 0.3620690 -0.5000000 -8.0886586 0.3620690 0.2500000 -8.0886586 0.1810345 0.0625000 -10.5000000 0.1810345 -0.6250000 -10.2500000 0.0000000 -0.5000000 -10.2500000 0.0000000 -0.5000000 -10.5000000 0.1810345 -0.6250000 -8.0886586 0.1810345 0.0625000 -8.0886586 0.1810345 0.0625000 -10.2500000 0.3620690 -0.5000000 -10.5000000 0.1810345 -0.6250000 -10.5000000 0.1810345 -0.6250000 -10.2500000 0.3620690 -0.5000000 -8.0886586 0.1810345 0.0625000</float_array>
                    <technique_common>
                        <accessor count="116" source="#ID46" stride="3">
                            <param name="X" type="float" />
                            <param name="Y" type="float" />
                            <param name="Z" type="float" />
                        </accessor>
                    </technique_common>
                </source>
                <source id="ID43">
                    <float_array id="ID47" count="348">0.1821769 0.7963884 0.5766950 0.1821769 0.7963884 0.5766950 0.1821769 0.7963884 0.5766950 -0.1821769 -0.7963884 -0.5766950 -0.1821769 -0.7963884 -0.5766950 -0.1821769 -0.7963884 -0.5766950 0.1821769 -0.7963884 0.5766950 0.1821769 -0.7963884 0.5766950 0.1821769 -0.7963884 0.5766950 -0.1821769 0.7963884 -0.5766950 -0.1821769 0.7963884 -0.5766950 -0.1821769 0.7963884 -0.5766950 0.1178479 0.8042982 0.5824228 0.1178479 0.8042982 0.5824228 0.1178479 0.8042982 0.5824228 -0.1178479 -0.8042982 -0.5824228 -0.1178479 -0.8042982 -0.5824228 -0.1178479 -0.8042982 -0.5824228 0.1821769 0.7963884 0.5766950 -0.1821769 -0.7963884 -0.5766950 0.1821769 -0.7963884 0.5766950 0.1821769 -0.7963884 0.5766950 0.1821769 -0.7963884 0.5766950 -0.1821769 0.7963884 -0.5766950 -0.1821769 0.7963884 -0.5766950 -0.1821769 0.7963884 -0.5766950 0.1178479 -0.8042982 0.5824228 0.1178479 -0.8042982 0.5824228 0.1178479 -0.8042982 0.5824228 -0.1178479 0.8042982 -0.5824228 -0.1178479 0.8042982 -0.5824228 -0.1178479 0.8042982 -0.5824228 0.1178479 0.8042982 0.5824228 0.1178479 0.8042982 0.5824228 0.1178479 0.8042982 0.5824228 -0.1178479 -0.8042982 -0.5824228 -0.1178479 -0.8042982 -0.5824228 -0.1178479 -0.8042982 -0.5824228 0.1178479 -0.8042982 0.5824228 0.1178479 -0.8042982 0.5824228 0.1178479 -0.8042982 0.5824228 -0.1178479 0.8042982 -0.5824228 -0.1178479 0.8042982 -0.5824228 -0.1178479 0.8042982 -0.5824228 0.0450414 0.8091201 0.5859146 0.0450414 0.8091201 0.5859146 0.0450414 0.8091201 0.5859146 -0.0450414 -0.8091201 -0.5859146 -0.0450414 -0.8091201 -0.5859146 -0.0450414 -0.8091201 -0.5859146 0.0450414 -0.8091201 0.5859146 0.0450414 -0.8091201 0.5859146 0.0450414 -0.8091201 0.5859146 -0.0450414 0.8091201 -0.5859146 -0.0450414 0.8091201 -0.5859146 -0.0450414 0.8091201 -0.5859146 0.0710149 0.7175852 0.6928408 0.0710149 0.7175852 0.6928408 0.0710149 0.7175852 0.6928408 -0.0710149 -0.7175852 -0.6928408 -0.0710149 -0.7175852 -0.6928408 -0.0710149 -0.7175852 -0.6928408 0.0710149 -0.7175852 0.6928408 0.0710149 -0.7175852 0.6928408 0.0710149 -0.7175852 0.6928408 -0.0710149 0.7175852 -0.6928408 -0.0710149 0.7175852 -0.6928408 -0.0710149 0.7175852 -0.6928408 -0.0718273 0.7175433 0.6928004 -0.0718273 0.7175433 0.6928004 -0.0718273 0.7175433 0.6928004 0.0718273 -0.7175433 -0.6928004 0.0718273 -0.7175433 -0.6928004 0.0718273 -0.7175433 -0.6928004 -0.0718273 -0.7175433 0.6928004 -0.0718273 -0.7175433 0.6928004 -0.0718273 -0.7175433 0.6928004 0.0718273 0.7175433 -0.6928004 0.0718273 0.7175433 -0.6928004 0.0718273 0.7175433 -0.6928004 -0.0718273 0.7175433 0.6928004 -0.0718273 0.7175433 0.6928004 -0.0718273 0.7175433 0.6928004 0.0718273 -0.7175433 -0.6928004 0.0718273 -0.7175433 -0.6928004 0.0718273 -0.7175433 -0.6928004 -0.0718273 -0.7175433 0.6928004 -0.0718273 -0.7175433 0.6928004 -0.0718273 -0.7175433 0.6928004 0.0718273 0.7175433 -0.6928004 0.0718273 0.7175433 -0.6928004 0.0718273 0.7175433 -0.6928004 -0.2343187 0.6993732 0.6752569 -0.2343187 0.6993732 0.6752569 -0.2343187 0.6993732 0.6752569 0.2343187 -0.6993732 -0.6752569 0.2343187 -0.6993732 -0.6752569 0.2343187 -0.6993732 -0.6752569 -0.2343187 -0.6993732 0.6752569 -0.2343187 -0.6993732 0.6752569 -0.2343187 -0.6993732 0.6752569 0.2343187 0.6993732 -0.6752569 0.2343187 0.6993732 -0.6752569 0.2343187 0.6993732 -0.6752569 -0.2636585 0.2744231 0.9247574 -0.2636585 0.2744231 0.9247574 -0.2636585 0.2744231 0.9247574 0.2636585 -0.2744231 -0.9247574 0.2636585 -0.2744231 -0.9247574 0.2636585 -0.2744231 -0.9247574 -0.2636585 -0.2744231 0.9247574 -0.2636585 -0.2744231 0.9247574 -0.2636585 -0.2744231 0.9247574 0.2636585 0.2744231 -0.9247574 0.2636585 0.2744231 -0.9247574 0.2636585 0.2744231 -0.9247574</float_array>
                    <technique_common>
                        <accessor count="116" source="#ID47" stride="3">
                            <param name="X" type="float" />
                            <param name="Y" type="float" />
                            <param name="Z" type="float" />
                        </accessor>
                    </technique_common>
                </source>
                <source id="ID45">
                    <float_array id="ID48" count="36">0.8681010 -0.0000000 1.0000000 0.5000000 0.8681010 0.5000000 0.8681010 1.0000000 0.6915954 0.0000000 1.0000000 0.0000000 1.0000000 1.0000000 0.6915954 1.0000000 0.6915954 0.5000000 0.4593031 0.0000000 0.4593031 1.0000000 0.4593031 0.5000000 0.2296516 0.0000000 0.2296516 1.0000000 0.2296516 0.5000000 0.0238095 0.0000000 0.0238095 1.0000000 -0.0000000 0.5000000</float_array>
                    <technique_common>
                        <accessor count="18" source="#ID48" stride="2">
                            <param name="S" type="float" />
                            <param name="T" type="float" />
                        </accessor>
                    </technique_common>
                </source>
                <vertices id="ID44">
                    <input semantic="POSITION" source="#ID42" />
                    <input semantic="NORMAL" source="#ID43" />
                </vertices>
                <triangles count="40" material="Material2">
                    <input offset="0" semantic="VERTEX" source="#ID44" />
                    <input offset="1" semantic="TEXCOORD" source="#ID45" />
                    <p>0 0 1 1 2 2 3 2 4 1 5 0 6 3 7 2 8 1 9 1 10 2 11 3 12 4 13 0 14 2 15 2 16 0 17 4 0 0 18 5 1 1 4 1 19 5 5 0 20 3 21 1 22 6 23 6 24 1 25 3 26 7 27 2 28 3 29 3 30 2 31 7 32 4 33 2 34 8 35 8 36 2 37 4 38 7 39 8 40 2 41 2 42 8 43 7 44 9 45 4 46 8 47 8 48 4 49 9 50 10 51 8 52 7 53 7 54 8 55 10 56 9 57 8 58 11 59 11 60 8 61 9 62 10 63 11 64 8 65 8 66 11 67 10 68 9 69 11 70 12 71 12 72 11 73 9 74 10 75 13 76 11 77 11 78 13 79 10 80 11 81 14 82 12 83 12 84 14 85 11 86 11 87 13 88 14 89 14 90 13 91 11 92 12 93 14 94 15 95 15 96 14 97 12 98 13 99 16 100 14 101 14 102 16 103 13 104 14 105 17 106 15 107 15 108 17 109 14 110 14 111 16 112 17 113 17 114 16 115 14</p>
                </triangles>
            </mesh>
        </geometry>
        <geometry id="ID69">
            <mesh>
                <source id="ID72">
                    <float_array id="ID77" count="48">1.7672352 0.7995985 15.5285191 1.7672352 4.6604015 15.5285191 1.0829627 2.7300000 15.6073960 3.4192151 0.0000000 15.3380934 3.4192151 5.4600000 15.3380934 5.0711950 0.7995985 15.1476677 5.0711950 4.6604015 15.1476677 5.7554675 2.7300000 15.0687908 5.7554675 2.7300000 15.0687908 5.0711950 0.7995985 15.1476677 5.0711950 4.6604015 15.1476677 3.4192151 5.4600000 15.3380934 3.4192151 0.0000000 15.3380934 1.7672352 4.6604015 15.5285191 1.7672352 0.7995985 15.5285191 1.0829627 2.7300000 15.6073960</float_array>
                    <technique_common>
                        <accessor count="16" source="#ID77" stride="3">
                            <param name="X" type="float" />
                            <param name="Y" type="float" />
                            <param name="Z" type="float" />
                        </accessor>
                    </technique_common>
                </source>
                <source id="ID73">
                    <float_array id="ID78" count="48">0.1145129 -0.0000000 0.9934218 0.1145129 -0.0000000 0.9934218 0.1145129 -0.0000000 0.9934218 0.1145129 -0.0000000 0.9934218 0.1145129 -0.0000000 0.9934218 0.1145129 -0.0000000 0.9934218 0.1145129 -0.0000000 0.9934218 0.1145129 -0.0000000 0.9934218 -0.1145129 0.0000000 -0.9934218 -0.1145129 0.0000000 -0.9934218 -0.1145129 0.0000000 -0.9934218 -0.1145129 0.0000000 -0.9934218 -0.1145129 0.0000000 -0.9934218 -0.1145129 0.0000000 -0.9934218 -0.1145129 0.0000000 -0.9934218 -0.1145129 0.0000000 -0.9934218</float_array>
                    <technique_common>
                        <accessor count="16" source="#ID78" stride="3">
                            <param name="X" type="float" />
                            <param name="Y" type="float" />
                            <param name="Z" type="float" />
                        </accessor>
                    </technique_common>
                </source>
                <vertices id="ID74">
                    <input semantic="POSITION" source="#ID72" />
                    <input semantic="NORMAL" source="#ID73" />
                </vertices>
                <triangles count="6" material="Material2">
                    <input offset="0" semantic="VERTEX" source="#ID74" />
                    <p>0 1 2 1 0 3 1 3 4 4 3 5 4 5 6 6 5 7</p>
                </triangles>
                <triangles count="6" material="Material3">
                    <input offset="0" semantic="VERTEX" source="#ID74" />
                    <p>8 9 10 10 9 11 9 12 11 11 12 13 12 14 13 15 13 14</p>
                </triangles>
            </mesh>
        </geometry>
        <geometry id="ID79">
            <mesh>
                <source id="ID85">
                    <float_array id="ID89" count="96">5.0711950 4.6604015 15.1476677 4.4480924 5.3932056 0.2014384 2.6024077 6.1600000 0.2014384 2.6024077 6.1600000 0.2014384 4.4480924 5.3932056 0.2014384 5.0711950 4.6604015 15.1476677 3.4192151 5.4600000 15.3380934 3.4192151 5.4600000 15.3380934 5.2126000 3.5420000 0.2014384 5.2126000 3.5420000 0.2014384 0.7567231 5.3932056 0.2014384 0.7567231 5.3932056 0.2014384 5.7554675 2.7300000 15.0687908 5.7554675 2.7300000 15.0687908 1.7672352 4.6604015 15.5285191 1.7672352 4.6604015 15.5285191 4.4480924 1.6907944 0.2014384 4.4480924 1.6907944 0.2014384 -0.0077845 3.5420000 0.2014384 -0.0077845 3.5420000 0.2014384 5.0711950 0.7995985 15.1476677 5.0711950 0.7995985 15.1476677 1.0829627 2.7300000 15.6073960 1.0829627 2.7300000 15.6073960 2.6024077 0.9240000 0.2014384 2.6024077 0.9240000 0.2014384 0.7567231 1.6907944 0.2014384 0.7567231 1.6907944 0.2014384 3.4192151 0.0000000 15.3380934 3.4192151 0.0000000 15.3380934 1.7672352 0.7995985 15.5285191 1.7672352 0.7995985 15.5285191</float_array>
                    <technique_common>
                        <accessor count="32" source="#ID89" stride="3">
                            <param name="X" type="float" />
                            <param name="Y" type="float" />
                            <param name="Z" type="float" />
                        </accessor>
                    </technique_common>
                </source>
                <source id="ID86">
                    <float_array id="ID90" count="96">0.7403901 0.6721758 0.0014702 0.6967521 0.7172859 0.0061207 -0.0106645 0.9986788 0.0502688 0.0106645 -0.9986788 -0.0502688 -0.6967521 -0.7172859 -0.0061207 -0.7403901 -0.6721758 -0.0014702 -0.0092931 0.9986992 0.0501350 0.0092931 -0.9986992 -0.0501350 0.9991605 0.0112021 -0.0394047 -0.9991605 -0.0112021 0.0394047 -0.7091505 0.7008089 0.0772821 0.7091505 -0.7008089 -0.0772821 0.9990790 -0.0140416 -0.0405452 -0.9990790 0.0140416 0.0405452 -0.7483216 0.6579946 0.0840105 0.7483216 -0.6579946 -0.0840105 0.7099712 -0.7009346 -0.0680557 -0.7099712 0.7009346 0.0680557 -0.9976345 0.0104702 0.0679395 0.9976345 -0.0104702 -0.0679395 0.7228467 -0.6869782 -0.0745222 -0.7228467 0.6869782 0.0745222 -0.9976863 -0.0130608 0.0667192 0.9976863 0.0130608 -0.0667192 -0.0114780 -0.9982843 -0.0574174 0.0114780 0.9982843 0.0574174 -0.7256851 -0.6879822 0.0078503 0.7256851 0.6879822 -0.0078503 -0.0204306 -0.9982387 -0.0556970 0.0204306 0.9982387 0.0556970 -0.7433904 -0.6687812 0.0101252 0.7433904 0.6687812 -0.0101252</float_array>
                    <technique_common>
                        <accessor count="32" source="#ID90" stride="3">
                            <param name="X" type="float" />
                            <param name="Y" type="float" />
                            <param name="Z" type="float" />
                        </accessor>
                    </technique_common>
                </source>
                <source id="ID88">
