<?xml version="1.0" encoding="UTF-8" standalone="no" ?>
<COLLADA xmlns="http://www.collada.org/2005/11/COLLADASchema" version="1.4.1">
    <asset>
        <contributor>
            <authoring_tool>SketchUp 14.0.4899</authoring_tool>
        </contributor>
        <created>2014-06-02T15:51:19Z</created>
        <modified>2014-06-02T15:51:19Z</modified>
        <unit meter="0.0254000" name="inch" />
        <up_axis>Z_UP</up_axis>
    </asset>
    <library_visual_scenes>
        <visual_scene id="ID1">
            <node name="SketchUp">
                <instance_geometry url="#ID262">
                    <bind_material>
                        <technique_common>
                            <instance_material symbol="Material2" target="#ID80">
                                <bind_vertex_input semantic="UVSET0" input_semantic="TEXCOORD" input_set="0" />
                            </instance_material>
                            <instance_material symbol="Material3" target="#ID205">
                                <bind_vertex_input semantic="UVSET0" input_semantic="TEXCOORD" input_set="0" />
                            </instance_material>
                        </technique_common>
                    </bind_material>
                </instance_geometry>
                <instance_geometry url="#ID268">
                    <bind_material>
                        <technique_common>
                            <instance_material symbol="Material2" target="#ID80">
                                <bind_vertex_input semantic="UVSET0" input_semantic="TEXCOORD" input_set="0" />
                            </instance_material>
                            <instance_material symbol="Material3" target="#ID205">
                                <bind_vertex_input semantic="UVSET0" input_semantic="TEXCOORD" input_set="0" />
                            </instance_material>
                        </technique_common>
                    </bind_material>
                </instance_geometry>
                <instance_geometry url="#ID274">
                    <bind_material>
                        <technique_common>
                            <instance_material symbol="Material2" target="#ID80">
                                <bind_vertex_input semantic="UVSET0" input_semantic="TEXCOORD" input_set="0" />
                            </instance_material>
                            <instance_material symbol="Material3" target="#ID218">
                                <bind_vertex_input semantic="UVSET0" input_semantic="TEXCOORD" input_set="0" />
                            </instance_material>
                        </technique_common>
                    </bind_material>
                </instance_geometry>
                <node id="ID2" name="group_0">
                    <matrix>1.2320069 -0.2641194 0.0000000 6.5857496 0.2641194 1.2320069 0.0000000 5.2860496 -0.0000000 -0.0000000 1.2600000 22.9424735 0.0000000 0.0000000 0.0000000 1.0000000</matrix>
                    <node id="ID3" name="instance_0">
                        <matrix>-0.0467141 0.0771501 -0.1137923 6.6843711 0.1108199 0.0922557 0.0170546 1.9234130 0.0813620 -0.0813620 -0.0885635 2.4226681 0.0000000 0.0000000 0.0000000 1.0000000</matrix>
                        <instance_node url="#ID4" />
                    </node>
                    <node id="ID18" name="instance_1">
                        <matrix>0.1375573 0.0079032 0.0458100 1.2613838 -0.0453328 -0.0088777 0.1376560 0.5409365 0.0102935 -0.1447127 -0.0059430 1.2515248 0.0000000 0.0000000 0.0000000 1.0000000</matrix>
                        <instance_node url="#ID19" />
                    </node>
                    <node id="ID33" name="instance_2">
                        <matrix>-0.0005710 0.0092249 0.1449055 -0.5141427 -0.1413896 0.0329391 -0.0026541 4.8877425 -0.0330409 -0.1411133 0.0088533 1.4931114 0.0000000 0.0000000 0.0000000 1.0000000</matrix>
                        <instance_node url="#ID4" />
                    </node>
                    <node id="ID34" name="instance_3">
                        <matrix>-0.1422636 -0.0000000 0.0290538 4.3723441 -0.0290538 -0.0000000 -0.1422636 7.9833109 0.0000000 -0.1452000 0.0000000 1.2627924 0.0000000 0.0000000 0.0000000 1.0000000</matrix>
                        <instance_node url="#ID19" />
                    </node>
                    <node id="ID35" name="instance_4">
                        <matrix>0.0624165 -0.1031935 0.0808599 1.4627926 -0.1284677 -0.0302874 0.0605126 4.0288028 -0.0261396 -0.0975542 -0.1043213 4.0749929 0.0000000 0.0000000 0.0000000 1.0000000</matrix>
                        <instance_node url="#ID19" />
                    </node>
                </node>
                <node id="ID36" name="group_1">
                    <matrix>0.9659258 0.0000000 -0.2588190 5.5021655 -0.1110166 0.9033353 -0.4143195 5.0692638 0.2338004 0.4289351 0.8725549 23.4245312 0.0000000 0.0000000 0.0000000 1.0000000</matrix>
                    <node id="ID37" name="instance_5">
                        <matrix>-0.0760570 0.0964451 -0.0774384 5.5871975 0.1220131 0.0435999 -0.0655354 5.5180148 -0.0202772 -0.0994003 -0.1038819 3.3026502 0.0000000 0.0000000 0.0000000 1.0000000</matrix>
                        <instance_node url="#ID4" />
                    </node>
                    <node id="ID38" name="instance_6">
                        <matrix>-0.0983879 -0.0069816 -0.1065557 7.6912961 0.1066106 0.0018358 -0.0985589 4.2658313 0.0060862 -0.1450204 0.0038822 1.0814342 0.0000000 0.0000000 0.0000000 1.0000000</matrix>
                        <instance_node url="#ID4" />
                    </node>
                    <node id="ID39" name="instance_7">
                        <matrix>-0.1403016 -0.0004556 0.0373939 3.5105629 -0.0371061 0.0197616 -0.1389808 6.9036769 -0.0046532 -0.1438482 -0.0192114 2.1024451 0.0000000 0.0000000 0.0000000 1.0000000</matrix>
                        <instance_node url="#ID19" />
                    </node>
                    <node id="ID40" name="instance_8">
                        <matrix>0.1402524 -0.0375805 -0.0000000 2.1809670 0.0009603 0.0035840 0.1451526 0.0735799 -0.0375682 -0.1402066 0.0037105 1.3740153 0.0000000 0.0000000 0.0000000 1.0000000</matrix>
                        <instance_node url="#ID4" />
                    </node>
                    <node id="ID41" name="instance_9">
                        <matrix>0.0810044 0.0000445 0.0812170 -0.6189068 -0.0806044 0.0141071 0.0803856 1.9975814 -0.0099571 -0.1138372 0.0099935 1.1610866 0.0000000 0.0000000 0.0000000 1.0000000</matrix>
                        <instance_node url="#ID19" />
                    </node>
                </node>
                <node id="ID42" name="group_2">
                    <matrix>0.7861584 0.5226347 -0.3298607 3.4428616 -0.3632562 0.8225646 0.4375299 11.8843605 0.5000000 -0.2241439 0.8365163 24.6160312 0.0000000 0.0000000 0.0000000 1.0000000</matrix>
                    <node id="ID43" name="instance_0">
                        <matrix>-0.0467141 0.0771501 -0.1137923 6.6843711 0.1108199 0.0922557 0.0170546 1.9234130 0.0813620 -0.0813620 -0.0885635 2.4226681 0.0000000 0.0000000 0.0000000 1.0000000</matrix>
                        <instance_node url="#ID4" />
                    </node>
                    <node id="ID44" name="instance_1">
                        <matrix>0.1375573 0.0079032 0.0458100 1.2613838 -0.0453328 -0.0088777 0.1376560 0.5409365 0.0102935 -0.1447127 -0.0059430 1.2515248 0.0000000 0.0000000 0.0000000 1.0000000</matrix>
                        <instance_node url="#ID19" />
                    </node>
                    <node id="ID45" name="instance_2">
                        <matrix>-0.0005710 0.0092249 0.1449055 -0.5141427 -0.1413896 0.0329391 -0.0026541 4.8877425 -0.0330409 -0.1411133 0.0088533 1.4931114 0.0000000 0.0000000 0.0000000 1.0000000</matrix>
                        <instance_node url="#ID4" />
                    </node>
                    <node id="ID46" name="instance_3">
                        <matrix>-0.1422636 -0.0000000 0.0290538 4.3723441 -0.0290538 -0.0000000 -0.1422636 7.9833109 0.0000000 -0.1452000 0.0000000 1.2627924 0.0000000 0.0000000 0.0000000 1.0000000</matrix>
                        <instance_node url="#ID19" />
                    </node>
                    <node id="ID47" name="instance_4">
                        <matrix>0.0624165 -0.1031935 0.0808599 1.4627926 -0.1284677 -0.0302874 0.0605126 4.0288028 -0.0261396 -0.0975542 -0.1043213 4.0749929 0.0000000 0.0000000 0.0000000 1.0000000</matrix>
                        <instance_node url="#ID19" />
                    </node>
                </node>
                <node id="ID48" name="group_3">
                    <matrix>-0.6279715 -0.5963655 0.5000000 17.3293793 0.4665435 -0.8027130 -0.3714687 10.5427695 0.6228876 0.0000000 0.7823113 23.0358862 0.0000000 0.0000000 0.0000000 1.0000000</matrix>
                    <node id="ID49" name="instance_5">
                        <matrix>-0.0760570 0.0964451 -0.0774384 5.5871975 0.1220131 0.0435999 -0.0655354 5.5180148 -0.0202772 -0.0994003 -0.1038819 3.3026502 0.0000000 0.0000000 0.0000000 1.0000000</matrix>
                        <instance_node url="#ID4" />
                    </node>
                    <node id="ID50" name="instance_6">
                        <matrix>-0.0983879 -0.0069816 -0.1065557 7.6912961 0.1066106 0.0018358 -0.0985589 4.2658313 0.0060862 -0.1450204 0.0038822 1.0814342 0.0000000 0.0000000 0.0000000 1.0000000</matrix>
                        <instance_node url="#ID4" />
                    </node>
                    <node id="ID51" name="instance_7">
                        <matrix>-0.1403016 -0.0004556 0.0373939 3.5105629 -0.0371061 0.0197616 -0.1389808 6.9036769 -0.0046532 -0.1438482 -0.0192114 2.1024451 0.0000000 0.0000000 0.0000000 1.0000000</matrix>
                        <instance_node url="#ID19" />
                    </node>
                    <node id="ID52" name="instance_8">
                        <matrix>0.1402524 -0.0375805 -0.0000000 2.1809670 0.0009603 0.0035840 0.1451526 0.0735799 -0.0375682 -0.1402066 0.0037105 1.3740153 0.0000000 0.0000000 0.0000000 1.0000000</matrix>
                        <instance_node url="#ID4" />
                    </node>
                    <node id="ID53" name="instance_9">
                        <matrix>0.0810044 0.0000445 0.0812170 -0.6189068 -0.0806044 0.0141071 0.0803856 1.9975814 -0.0099571 -0.1138372 0.0099935 1.1610866 0.0000000 0.0000000 0.0000000 1.0000000</matrix>
                        <instance_node url="#ID19" />
                    </node>
                </node>
                <node id="ID54" name="group_4">
                    <matrix>0.9322496 0.2150194 0.2909937 9.1271745 -0.3263374 0.8470138 0.4196089 11.1335364 -0.1562516 -0.4861423 0.8597971 27.5509977 0.0000000 0.0000000 0.0000000 1.0000000</matrix>
                    <node id="ID55" name="instance_10">
                        <matrix>-0.0760570 0.0964451 -0.0774384 5.5895732 0.1220131 0.0435999 -0.0655354 5.1373505 -0.0202772 -0.0994003 -0.1038819 3.5763175 0.0000000 0.0000000 0.0000000 1.0000000</matrix>
                        <instance_node url="#ID4" />
                    </node>
                    <node id="ID56" name="instance_11">
                        <matrix>-0.0983879 -0.0069816 -0.1065557 7.6912961 0.1066106 0.0018358 -0.0985589 4.2658313 0.0060862 -0.1450204 0.0038822 1.0814342 0.0000000 0.0000000 0.0000000 1.0000000</matrix>
                        <instance_node url="#ID4" />
                    </node>
                    <node id="ID57" name="instance_12">
                        <matrix>-0.1403016 -0.0004556 0.0373939 3.5105629 -0.0371061 0.0197616 -0.1389808 6.9036769 -0.0046532 -0.1438482 -0.0192114 2.1024451 0.0000000 0.0000000 0.0000000 1.0000000</matrix>
                        <instance_node url="#ID19" />
                    </node>
                    <node id="ID58" name="instance_13">
                        <matrix>0.1402524 -0.0375805 -0.0000000 2.1809670 0.0009603 0.0035840 0.1451526 0.0735799 -0.0375682 -0.1402066 0.0037105 1.3740153 0.0000000 0.0000000 0.0000000 1.0000000</matrix>
                        <instance_node url="#ID4" />
                    </node>
                    <node id="ID59" name="instance_14">
                        <matrix>0.0810044 0.0000445 0.0812170 -0.6189068 -0.0806044 0.0141071 0.0803856 1.9975814 -0.0099571 -0.1138372 0.0099935 1.1610866 0.0000000 0.0000000 0.0000000 1.0000000</matrix>
                        <instance_node url="#ID19" />
                    </node>
                </node>
                <node id="ID60" name="group_5">
                    <matrix>-0.8069603 -0.5704813 -0.1528600 18.8443814 -0.5906057 0.7794638 0.2088567 3.6200574 -0.0000000 -0.2588190 0.9659258 19.7893077 0.0000000 0.0000000 0.0000000 1.0000000</matrix>
                    <instance_geometry url="#ID103">
                        <bind_material>
                            <technique_common>
                                <instance_material symbol="Material2" target="#ID74">
                                    <bind_vertex_input semantic="UVSET0" input_semantic="TEXCOORD" input_set="0" />
                                </instance_material>
                            </technique_common>
                        </bind_material>
                    </instance_geometry>
                    <node id="ID61" name="instance_15">
                        <matrix>0.9517629 0.1840487 -0.2455065 0.8564263 -0.2780906 0.8555411 -0.4367094 0.5115532 0.1296651 0.4839169 0.8654544 1.5263796 0.0000000 0.0000000 0.0000000 1.0000000</matrix>
                        <instance_node url="#ID62" />
                    </node>
                    <node id="ID83" name="instance_17">
                        <matrix>0.7071068 0.7071068 0.0000000 -0.9661200 -0.6123724 0.6123724 -0.5000000 2.9601535 -0.3535534 0.3535534 0.8660254 6.5221040 0.0000000 0.0000000 0.0000000 1.0000000</matrix>
                        <instance_node url="#ID84" />
                    </node>
                    <node id="ID101" name="instance_19">
                        <matrix>0.8273589 -0.3251938 0.4579587 3.2335012 0.5017600 0.7943391 -0.3424358 0.3933673 -0.2524166 0.5131027 0.8203728 0.4131306 0.0000000 0.0000000 0.0000000 1.0000000</matrix>
                        <instance_node url="#ID62" />
                    </node>
                    <node id="ID102" name="instance_20">
                        <matrix>0.8251033 -0.3182945 0.4667902 3.2515050 0.4406864 0.8795957 -0.1791840 -0.5779030 -0.3535534 0.3535534 0.8660254 4.7752101 0.0000000 0.0000000 0.0000000 1.0000000</matrix>
                        <instance_node url="#ID62" />
                    </node>
                </node>
                <node id="ID109" name="group_6">
                    <matrix>0.8816411 0.4633336 0.0896152 1.8629424 0.4704034 -0.8476028 -0.2455406 19.5599498 0.0378091 -0.2586340 0.9652352 19.6966220 0.0000000 0.0000000 0.0000000 1.0000000</matrix>
                    <instance_geometry url="#ID114">
                        <bind_material>
                            <technique_common>
                                <instance_material symbol="Material2" target="#ID74">
                                    <bind_vertex_input semantic="UVSET0" input_semantic="TEXCOORD" input_set="0" />
                                </instance_material>
                            </technique_common>
                        </bind_material>
                    </instance_geometry>
                    <node id="ID110" name="instance_15">
                        <matrix>0.9517629 0.1840487 -0.2455065 0.8564263 -0.2780906 0.8555411 -0.4367094 0.5115532 0.1296651 0.4839169 0.8654544 1.5263796 0.0000000 0.0000000 0.0000000 1.0000000</matrix>
                        <instance_node url="#ID62" />
                    </node>
                    <node id="ID111" name="instance_17">
                        <matrix>0.7071068 0.7071068 0.0000000 -0.9661200 -0.6123724 0.6123724 -0.5000000 2.9601535 -0.3535534 0.3535534 0.8660254 6.5221040 0.0000000 0.0000000 0.0000000 1.0000000</matrix>
                        <instance_node url="#ID84" />
                    </node>
                    <node id="ID112" name="instance_19">
                        <matrix>0.8273589 -0.3251938 0.4579587 3.2335012 0.5017600 0.7943391 -0.3424358 0.3933673 -0.2524166 0.5131027 0.8203728 0.4131306 0.0000000 0.0000000 0.0000000 1.0000000</matrix>
                        <instance_node url="#ID62" />
                    </node>
                    <node id="ID113" name="instance_20">
                        <matrix>0.8251033 -0.3182945 0.4667902 3.2515050 0.4406864 0.8795957 -0.1791840 -0.5779030 -0.3535534 0.3535534 0.8660254 4.7752101 0.0000000 0.0000000 0.0000000 1.0000000</matrix>
                        <instance_node url="#ID62" />
                    </node>
                </node>
                <node id="ID120" name="group_7">
                    <matrix>0.5000000 0.8158457 0.2905096 -1.6776283 -0.8660254 0.4710287 0.1677258 6.8747574 0.0000000 -0.3354515 0.9420575 20.0823488 0.0000000 0.0000000 0.0000000 1.0000000</matrix>
                    <instance_geometry url="#ID141">
                        <bind_material>
                            <technique_common>
                                <instance_material symbol="Material2" target="#ID74">
                                    <bind_vertex_input semantic="UVSET0" input_semantic="TEXCOORD" input_set="0" />
                                </instance_material>
                            </technique_common>
                        </bind_material>
                    </instance_geometry>
                    <node id="ID121" name="instance_15">
                        <matrix>0.9517629 0.1840487 -0.2455065 0.8564263 -0.2780906 0.8555411 -0.4367094 0.5115532 0.1296651 0.4839169 0.8654544 1.5263796 0.0000000 0.0000000 0.0000000 1.0000000</matrix>
                        <instance_node url="#ID122" />
                    </node>
                    <node id="ID130" name="instance_17">
                        <matrix>0.7071068 0.7071068 0.0000000 -0.9661200 -0.6123724 0.6123724 -0.5000000 2.9601535 -0.3535534 0.3535534 0.8660254 6.5221040 0.0000000 0.0000000 0.0000000 1.0000000</matrix>
                        <instance_node url="#ID131" />
                    </node>
                    <node id="ID139" name="instance_19">
                        <matrix>0.8273589 -0.3251938 0.4579587 3.2335012 0.5017600 0.7943391 -0.3424358 0.3933673 -0.2524166 0.5131027 0.8203728 0.4131306 0.0000000 0.0000000 0.0000000 1.0000000</matrix>
                        <instance_node url="#ID122" />
                    </node>
                    <node id="ID140" name="instance_20">
                        <matrix>0.8251033 -0.3182945 0.4667902 3.2515050 0.4406864 0.8795957 -0.1791840 -0.5779030 -0.3535534 0.3535534 0.8660254 4.7752101 0.0000000 0.0000000 0.0000000 1.0000000</matrix>
                        <instance_node url="#ID122" />
                    </node>
                </node>
                <node id="ID147" name="group_8">
                    <matrix>-0.0639181 -0.9686443 -0.2400890 20.7056822 0.9979551 -0.0620408 -0.0153775 8.9781836 0.0000000 -0.2405810 0.9706291 19.7239057 0.0000000 0.0000000 0.0000000 1.0000000</matrix>
                    <instance_geometry url="#ID152">
                        <bind_material>
                            <technique_common>
                                <instance_material symbol="Material2" target="#ID74">
                                    <bind_vertex_input semantic="UVSET0" input_semantic="TEXCOORD" input_set="0" />
                                </instance_material>
                            </technique_common>
                        </bind_material>
                    </instance_geometry>
                    <node id="ID148" name="instance_15">
                        <matrix>0.9517629 0.1840487 -0.2455065 0.8564263 -0.2780906 0.8555411 -0.4367094 0.5115532 0.1296651 0.4839169 0.8654544 1.5263796 0.0000000 0.0000000 0.0000000 1.0000000</matrix>
                        <instance_node url="#ID122" />
                    </node>
                    <node id="ID149" name="instance_17">
                        <matrix>0.7071068 0.7071068 0.0000000 -0.9661200 -0.6123724 0.6123724 -0.5000000 2.9601535 -0.3535534 0.3535534 0.8660254 6.5221040 0.0000000 0.0000000 0.0000000 1.0000000</matrix>
                        <instance_node url="#ID131" />
                    </node>
                    <node id="ID150" name="instance_19">
                        <matrix>0.8273589 -0.3251938 0.4579587 3.2335012 0.5017600 0.7943391 -0.3424358 0.3933673 -0.2524166 0.5131027 0.8203728 0.4131306 0.0000000 0.0000000 0.0000000 1.0000000</matrix>
                        <instance_node url="#ID122" />
                    </node>
                    <node id="ID151" name="instance_20">
                        <matrix>0.8251033 -0.3182945 0.4667902 3.2515050 0.4406864 0.8795957 -0.1791840 -0.5779030 -0.3535534 0.3535534 0.8660254 4.7752101 0.0000000 0.0000000 0.0000000 1.0000000</matrix>
                        <instance_node url="#ID122" />
                    </node>
                </node>
                <node id="ID158" name="group_9">
                    <matrix>0.8750000 0.4829629 0.0334936 6.1003376 -0.4829629 0.8660254 0.1294095 0.8390430 0.0334936 -0.1294095 0.9910254 13.4409933 0.0000000 0.0000000 0.0000000 1.0000000</matrix>
                    <instance_geometry url="#ID168">
                        <bind_material>
                            <technique_common>
                                <instance_material symbol="Material2" target="#ID74">
                                    <bind_vertex_input semantic="UVSET0" input_semantic="TEXCOORD" input_set="0" />
                                </instance_material>
                            </technique_common>
                        </bind_material>
                    </instance_geometry>
                    <node id="ID159" name="instance_21">
                        <matrix>0.7513854 -0.6598349 0.0061532 3.9326453 0.4979319 0.5608505 -0.6614458 1.1745135 0.4329941 0.5000646 0.7499677 1.9708174 0.0000000 0.0000000 0.0000000 1.0000000</matrix>
                        <instance_node url="#ID131" />
                    </node>
                    <node id="ID160" name="instance_22">
                        <matrix>-0.3658505 -0.7939801 0.4855399 6.2329186 0.9219589 -0.3804216 0.0726035 5.0940383 0.1270641 0.4742098 0.8711945 1.9244785 0.0000000 0.0000000 0.0000000 1.0000000</matrix>
                        <instance_node url="#ID131" />
                    </node>
                    <node id="ID161" name="instance_23">
                        <matrix>1.0000000 -0.0000000 0.0000000 0.0290248 0.0000000 0.8660254 -0.5000000 0.9248680 0.0000000 0.5000000 0.8660254 11.2584444 0.0000000 0.0000000 0.0000000 1.0000000</matrix>
                        <instance_node url="#ID131" />
                    </node>
                    <node id="ID162" name="instance_24">
                        <matrix>0.4552891 -0.8612907 0.2255883 4.3662062 0.7689577 0.2526689 -0.5872499 2.0614969 0.4487937 0.4408363 0.7773336 9.1148949 0.0000000 0.0000000 0.0000000 1.0000000</matrix>
                        <instance_node url="#ID122" />
                    </node>
                    <node id="ID163" name="instance_25">
                        <matrix>0.8871735 -0.3637161 -0.2839610 1.8914331 0.1411626 0.7998101 -0.5834184 -0.2453003 0.4393135 0.4775086 0.7609134 4.4158286 0.0000000 0.0000000 0.0000000 1.0000000</matrix>
                        <instance_node url="#ID122" />
                    </node>
                    <node id="ID164" name="instance_26">
                        <matrix>0.8017756 0.0000000 0.5976252 -0.4006753 0.4225848 0.7071068 -0.5669410 -0.0639510 -0.4225848 0.7071068 0.5669410 7.8991770 0.0000000 0.0000000 0.0000000 1.0000000</matrix>
                        <instance_node url="#ID122" />
                    </node>
                    <node id="ID165" name="instance_27">
                        <matrix>0.9717782 0.0125985 0.2355596 0.0523155 0.1044513 0.8723678 -0.4775609 0.6885262 -0.2115111 0.4886878 0.8464321 0.6470988 0.0000000 0.0000000 0.0000000 1.0000000</matrix>
                        <instance_node url="#ID131" />
                    </node>
                    <node id="ID166" name="instance_28">
                        <matrix>0.2478915 -0.8628579 0.4404839 5.5564593 0.9674611 0.2442712 -0.0659593 1.1854290 -0.0506841 0.4425017 0.8953342 4.0763213 0.0000000 0.0000000 0.0000000 1.0000000</matrix>
                        <instance_node url="#ID122" />
                    </node>
                    <node id="ID167" name="instance_29">
                        <matrix>-0.0424879 -0.8991116 0.4356524 4.9145491 0.9654632 0.0752389 0.2494390 2.1395921 -0.2570515 0.4312045 0.8648625 7.2923817 0.0000000 0.0000000 0.0000000 1.0000000</matrix>
                        <instance_node url="#ID131" />
                    </node>
                </node>
                <node id="ID174" name="group_10">
                    <matrix>0.9993815 0.0107098 0.0334936 11.1746605 0.0062890 -0.9915713 0.1294095 18.1982297 -0.0345973 0.1291188 0.9910254 11.4593097 0.0000000 0.0000000 0.0000000 1.0000000</matrix>
                    <instance_geometry url="#ID184">
                        <bind_material>
                            <technique_common>
                                <instance_material symbol="Material2" target="#ID74">
                                    <bind_vertex_input semantic="UVSET0" input_semantic="TEXCOORD" input_set="0" />
                                </instance_material>
                            </technique_common>
                        </bind_material>
                    </instance_geometry>
                    <node id="ID175" name="instance_21">
                        <matrix>0.7513854 -0.6598349 0.0061532 3.9326453 0.4979319 0.5608505 -0.6614458 1.1745135 0.4329941 0.5000646 0.7499677 1.9708174 0.0000000 0.0000000 0.0000000 1.0000000</matrix>
                        <instance_node url="#ID84" />
                    </node>
                    <node id="ID176" name="instance_22">
                        <matrix>-0.3658505 -0.7939801 0.4855399 6.2329186 0.9219589 -0.3804216 0.0726035 5.0940383 0.1270641 0.4742098 0.8711945 1.9244785 0.0000000 0.0000000 0.0000000 1.0000000</matrix>
                        <instance_node url="#ID84" />
                    </node>
                    <node id="ID177" name="instance_23">
                        <matrix>1.0000000 -0.0000000 0.0000000 0.0290248 0.0000000 0.8660254 -0.5000000 0.9248680 0.0000000 0.5000000 0.8660254 11.2584444 0.0000000 0.0000000 0.0000000 1.0000000</matrix>
                        <instance_node url="#ID84" />
                    </node>
                    <node id="ID178" name="instance_24">
                        <matrix>0.4552891 -0.8612907 0.2255883 4.3662062 0.7689577 0.2526689 -0.5872499 2.0614969 0.4487937 0.4408363 0.7773336 9.1148949 0.0000000 0.0000000 0.0000000 1.0000000</matrix>
                        <instance_node url="#ID62" />
                    </node>
                    <node id="ID179" name="instance_25">
                        <matrix>0.8871735 -0.3637161 -0.2839610 1.8914331 0.1411626 0.7998101 -0.5834184 -0.2453003 0.4393135 0.4775086 0.7609134 4.4158286 0.0000000 0.0000000 0.0000000 1.0000000</matrix>
                        <instance_node url="#ID62" />
                    </node>
                    <node id="ID180" name="instance_26">
                        <matrix>0.8017756 0.0000000 0.5976252 -0.4006753 0.4225848 0.7071068 -0.5669410 -0.0639510 -0.4225848 0.7071068 0.5669410 7.8991770 0.0000000 0.0000000 0.0000000 1.0000000</matrix>
                        <instance_node url="#ID62" />
                    </node>
                    <node id="ID181" name="instance_27">
                        <matrix>0.9717782 0.0125985 0.2355596 0.0523155 0.1044513 0.8723678 -0.4775609 0.6885262 -0.2115111 0.4886878 0.8464321 0.6470988 0.0000000 0.0000000 0.0000000 1.0000000</matrix>
                        <instance_node url="#ID84" />
                    </node>
                    <node id="ID182" name="instance_28">
                        <matrix>0.2478915 -0.8628579 0.4404839 5.5564593 0.9674611 0.2442712 -0.0659593 1.1854290 -0.0506841 0.4425017 0.8953342 4.0763213 0.0000000 0.0000000 0.0000000 1.0000000</matrix>
                        <instance_node url="#ID62" />
                    </node>
                    <node id="ID183" name="instance_29">
                        <matrix>-0.0424879 -0.8991116 0.4356524 4.9145491 0.9654632 0.0752389 0.2494390 2.1395921 -0.2570515 0.4312045 0.8648625 7.2923817 0.0000000 0.0000000 0.0000000 1.0000000</matrix>
                        <instance_node url="#ID84" />
                    </node>
                </node>
                <node id="ID190" name="group_11">
                    <matrix>-0.9989666 0.0285108 -0.0353964 12.6571968 0.0366874 0.9655299 -0.2576936 1.4692091 -0.0268292 0.2587259 0.9655781 6.7202714 0.0000000 0.0000000 0.0000000 1.0000000</matrix>
                    <instance_geometry url="#ID195">
                        <bind_material>
                            <technique_common>
                                <instance_material symbol="Material2" target="#ID74">
                                    <bind_vertex_input semantic="UVSET0" input_semantic="TEXCOORD" input_set="0" />
                                </instance_material>
                            </technique_common>
                        </bind_material>
                    </instance_geometry>
                    <node id="ID191" name="instance_15">
                        <matrix>0.9517629 0.1840487 -0.2455065 0.8564263 -0.2780906 0.8555411 -0.4367094 0.5115532 0.1296651 0.4839169 0.8654544 1.5263796 0.0000000 0.0000000 0.0000000 1.0000000</matrix>
                        <instance_node url="#ID62" />
                    </node>
                    <node id="ID192" name="instance_17">
                        <matrix>0.7071068 0.7071068 0.0000000 -0.9661200 -0.6123724 0.6123724 -0.5000000 2.9601535 -0.3535534 0.3535534 0.8660254 6.5221040 0.0000000 0.0000000 0.0000000 1.0000000</matrix>
                        <instance_node url="#ID84" />
                    </node>
                    <node id="ID193" name="instance_19">
                        <matrix>0.8273589 -0.3251938 0.4579587 3.2335012 0.5017600 0.7943391 -0.3424358 0.3933673 -0.2524166 0.5131027 0.8203728 0.4131306 0.0000000 0.0000000 0.0000000 1.0000000</matrix>
                        <instance_node url="#ID62" />
                    </node>
                    <node id="ID194" name="instance_20">
                        <matrix>0.8251033 -0.3182945 0.4667902 3.2515050 0.4406864 0.8795957 -0.1791840 -0.5779030 -0.3535534 0.3535534 0.8660254 4.7752101 0.0000000 0.0000000 0.0000000 1.0000000</matrix>
                        <instance_node url="#ID62" />
                    </node>
                </node>
                <node id="ID201" name="instance_30">
                    <matrix>-0.5000000 -0.8548851 -0.1384612 13.6451485 0.8660254 -0.4935681 -0.0799406 12.1935313 -0.0000000 -0.1598812 0.9871363 24.0797552 0.0000000 0.0000000 0.0000000 1.0000000</matrix>
                    <instance_node url="#ID202" />
                </node>
                <node id="ID230" name="instance_31">
                    <matrix>-0.5000000 0.8548851 0.1384612 6.2586601 -0.8660254 -0.4935681 -0.0799406 13.0595567 -0.0000000 -0.1598812 0.9871363 24.0797552 0.0000000 0.0000000 0.0000000 1.0000000</matrix>
                    <instance_node url="#ID202" />
                </node>
                <node id="ID231" name="instance_32">
                    <matrix>-0.1444951 -0.0138287 -0.0036023 12.5082353 0.0100092 -0.0718161 -0.1257987 17.5202095 0.0101992 -0.1254363 0.0724207 24.6889708 0.0000000 0.0000000 0.0000000 1.0000000</matrix>
                    <instance_node url="#ID19" />
                </node>
                <node id="ID232" name="instance_33">
                    <matrix>-0.1269075 -0.0694666 -0.0123256 11.6305352 -0.0076225 0.0387188 -0.1397347 16.3539378 0.0701386 -0.1214837 -0.0374877 27.4469619 0.0000000 0.0000000 0.0000000 1.0000000</matrix>
                    <instance_node url="#ID19" />
                </node>
                <node id="ID233" name="instance_34">
                    <matrix>0.0569295 0.0506138 -0.1236136 9.6163618 0.1248735 -0.0678701 0.0297202 10.6773627 -0.0474202 -0.1179616 -0.0701386 28.8908884 0.0000000 0.0000000 0.0000000 1.0000000</matrix>
                    <instance_node url="#ID19" />
                </node>
                <node id="ID234" name="instance_35">
                    <matrix>-0.0237509 0.1310628 0.0578056 2.4388840 -0.1432443 -0.0217311 -0.0095846 12.4528025 0.0000000 -0.0585948 0.1328521 22.0048176 0.0000000 0.0000000 0.0000000 1.0000000</matrix>
                    <instance_node url="#ID19" />
                </node>
                <node id="ID235" name="instance_36">
                    <matrix>-0.1417084 -0.0286681 -0.0134132 11.3769214 0.0012585 0.0563817 -0.1338005 11.1137004 0.0316257 -0.1306992 -0.0547774 27.1124720 0.0000000 0.0000000 0.0000000 1.0000000</matrix>
                    <instance_node url="#ID4" />
                </node>
                <node id="ID236" name="instance_37">
                    <matrix>-0.0012895 -0.0725971 0.1257419 3.7018516 -0.1451943 0.0006447 -0.0011167 9.8284398 -0.0000000 -0.1257469 -0.0726000 27.6162249 0.0000000 0.0000000 0.0000000 1.0000000</matrix>
                    <instance_node url="#ID4" />
                </node>
                <node id="ID237" name="instance_38">
                    <matrix>0.0583844 0.0156440 0.1320211 2.6108852 -0.1275226 -0.0341696 0.0604440 13.0364190 0.0375805 -0.1402524 -0.0000000 25.5149706 0.0000000 0.0000000 0.0000000 1.0000000</matrix>
                    <instance_node url="#ID4" />
                </node>
                <node id="ID238" name="instance_39">
                    <matrix>-0.0343167 -0.0860756 0.1117873 5.1325016 -0.1248444 -0.0350652 -0.0653250 11.3378826 0.0657213 -0.1115548 -0.0657213 27.4813261 0.0000000 0.0000000 0.0000000 1.0000000</matrix>
                    <instance_node url="#ID19" />
                </node>
                <node id="ID239" name="instance_40">
                    <matrix>-0.0527034 -0.0348651 0.1307280 3.6501389 -0.1349198 0.0030690 -0.0535748 12.5234489 0.0101012 -0.1409186 -0.0335106 26.5671575 0.0000000 0.0000000 0.0000000 1.0000000</matrix>
                    <instance_node url="#ID19" />
                </node>
                <node id="ID240" name="instance_41">
                    <matrix>0.1309461 0.0626794 0.0027314 5.8230305 -0.0543334 0.1101344 0.0774683 4.5607250 0.0313694 -0.0708855 0.1227772 22.1785258 0.0000000 0.0000000 0.0000000 1.0000000</matrix>
                    <instance_node url="#ID4" />
                </node>
                <node id="ID241" name="instance_42">
                    <matrix>0.1419755 -0.0286681 0.0102053 9.2304135 0.0017675 0.0563817 0.1337947 4.1496102 -0.0303790 -0.1306992 0.0554785 25.5933650 0.0000000 0.0000000 0.0000000 1.0000000</matrix>
                    <instance_node url="#ID4" />
                </node>
                <node id="ID242" name="instance_43">
                    <matrix>1.0000000 0.0000000 0.0000000 3.5546018 0.0000000 1.0000000 0.0000000 4.5776551 0.0000000 0.0000000 1.0000000 15.0359025 0.0000000 0.0000000 0.0000000 1.0000000</matrix>
                    <instance_node url="#ID243" />
                </node>
                <node id="ID257" name="instance_44">
                    <matrix>-0.0185232 -0.1437253 0.0091082 13.9974338 -0.1390689 0.0154657 -0.0387776 13.6437674 0.0374136 -0.0136705 -0.1396294 28.7218006 0.0000000 0.0000000 0.0000000 1.0000000</matrix>
                    <instance_node url="#ID4" />
                </node>
                <node id="ID258" name="instance_45">
                    <matrix>0.0132331 0.1080280 -0.0037492 4.9443267 0.0763339 -0.0066651 0.0773817 9.4790206 0.0765326 -0.0120311 -0.0765325 27.2567773 0.0000000 0.0000000 0.0000000 1.0000000</matrix>
                    <instance_node url="#ID19" />
                </node>
                <node id="ID259" name="instance_46">
                    <matrix>0.1078266 0.0971643 -0.0039445 4.8309280 0.0968381 -0.1078256 -0.0088908 12.6218868 -0.0088787 0.0039716 -0.1448739 29.4219134 0.0000000 0.0000000 0.0000000 1.0000000</matrix>
                    <instance_node url="#ID19" />
                </node>
                <node id="ID260" name="instance_47">
                    <matrix>-0.0926862 -0.0366085 0.1056036 9.0887222 -0.0506811 0.1360415 0.0026783 6.3356601 -0.0996180 -0.0351506 -0.0996180 29.6036171 0.0000000 0.0000000 0.0000000 1.0000000</matrix>
                    <instance_node url="#ID4" />
                </node>
                <node id="ID261" name="instance_48">
                    <matrix>1.0000000 0.0000000 -0.0000000 9.2019043 -0.0000000 0.9871363 0.1598812 6.2296574 0.0000000 -0.1598812 0.9871363 24.0797552 0.0000000 0.0000000 0.0000000 1.0000000</matrix>
                    <instance_node url="#ID202" />
                </node>
            </node>
        </visual_scene>
    </library_visual_scenes>
    <library_nodes>
        <node id="ID4" name="leaf2a">
            <instance_geometry url="#ID5">
                <bind_material>
                    <technique_common>
                        <instance_material symbol="Material2" target="#ID6">
                            <bind_vertex_input semantic="UVSET0" input_semantic="TEXCOORD" input_set="0" />
                        </instance_material>
                    </technique_common>
                </bind_material>
            </instance_geometry>
        </node>
        <node id="ID19" name="leaf1a">
            <instance_geometry url="#ID20">
                <bind_material>
                    <technique_common>
                        <instance_material symbol="Material2" target="#ID21">
                            <bind_vertex_input semantic="UVSET0" input_semantic="TEXCOORD" input_set="0" />
                        </instance_material>
                    </technique_common>
                </bind_material>
            </instance_geometry>
        </node>
        <node id="ID62" name="leaf_a">
            <instance_geometry url="#ID73">
                <bind_material>
                    <technique_common>
                        <instance_material symbol="Material2" target="#ID74">
                            <bind_vertex_input semantic="UVSET0" input_semantic="TEXCOORD" input_set="0" />
                        </instance_material>
                        <instance_material symbol="Material3" target="#ID80">
                            <bind_vertex_input semantic="UVSET0" input_semantic="TEXCOORD" input_set="0" />
                        </instance_material>
                    </technique_common>
                </bind_material>
            </instance_geometry>
            <node id="ID63" name="instance_16">
                <matrix>0.1452000 0.0000000 -0.0000000 0.0000000 -0.0000000 0.0274567 0.1425804 -0.0823700 0.0000000 -0.1425804 0.0274567 0.8758279 0.0000000 0.0000000 0.0000000 1.0000000</matrix>
                <instance_node url="#ID64" />
            </node>
        </node>
        <node id="ID64" name="leaf2a">
            <instance_geometry url="#ID65">
                <bind_material>
                    <technique_common>
