<?xml version="1.0" encoding="UTF-8" standalone="no" ?>
<COLLADA xmlns="http://www.collada.org/2005/11/COLLADASchema" version="1.4.1">
    <asset>
        <contributor>
            <authoring_tool>SketchUp 14.0.4899</authoring_tool>
        </contributor>
        <created>2014-06-02T15:57:26Z</created>
        <modified>2014-06-02T15:57:26Z</modified>
        <unit meter="0.0254000" name="inch" />
        <up_axis>Z_UP</up_axis>
    </asset>
    <library_visual_scenes>
        <visual_scene id="ID1">
            <node name="SketchUp">
                <node id="ID2" name="instance_0">
                    <matrix>1.1177661 -0.0201116 0.3095067 3.0292645 0.1515310 1.0454164 -0.4793150 -2.0691509 -0.2706237 0.5022948 1.0099816 5.2955119 0.0000000 0.0000000 0.0000000 1.0000000</matrix>
                    <instance_node url="#ID3" />
                </node>
                <node id="ID17" name="instance_1">
                    <matrix>0.4871642 -0.9657110 0.2493455 3.7183428 0.9973821 0.4716947 -0.1217911 1.2620784 0.0000000 0.2775000 1.0747529 4.2524202 0.0000000 0.0000000 0.0000000 1.0000000</matrix>
                    <instance_node url="#ID3" />
                </node>
                <node id="ID18" name="instance_2">
                    <matrix>-0.5399099 -0.9872690 -0.1827494 5.0270409 0.9351513 -0.5700000 0.3165313 -0.7172929 -0.3654988 0.0000000 1.0798197 5.9216969 0.0000000 0.0000000 0.0000000 1.0000000</matrix>
                    <instance_node url="#ID3" />
                </node>
                <node id="ID19" name="instance_3">
                    <matrix>-0.9487460 -0.4506728 -0.4923161 0.1140671 0.4000224 -1.0688751 0.2075766 0.3998232 -0.5342875 0.0000000 1.0296295 7.2200854 0.0000000 0.0000000 0.0000000 1.0000000</matrix>
                    <instance_node url="#ID3" />
                </node>
                <node id="ID20" name="instance_4">
                    <matrix>-0.5600000 0.8400000 -0.4849742 -0.4057184 -0.9699485 -0.4849742 0.2800000 3.5111748 -0.0000000 0.5600000 0.9699485 2.7025042 0.0000000 0.0000000 0.0000000 1.0000000</matrix>
                    <instance_node url="#ID3" />
                </node>
                <node id="ID21" name="instance_5">
                    <matrix>0.2270159 0.9369105 0.6270267 -0.4737525 -1.0771222 0.3690819 -0.1615128 0.9570975 -0.3328237 -0.5554073 0.9503952 6.3699438 0.0000000 0.0000000 0.0000000 1.0000000</matrix>
                    <instance_node url="#ID3" />
                </node>
                <node id="ID22" name="instance_6">
                    <matrix>0.7899192 0.1269737 -0.5999211 0.8981866 -0.3550038 0.8923999 -0.2785582 -1.9012087 0.5000000 0.4330127 0.7500000 5.5050553 0.0000000 0.0000000 0.0000000 1.0000000</matrix>
                    <instance_node url="#ID3" />
                </node>
                <node id="ID23" name="instance_7">
                    <matrix>-0.0957216 -0.9948807 -0.0324000 1.7987766 0.9423612 -0.1010563 0.3189717 0.8187045 -0.3206130 -0.0000000 0.9472103 9.6577494 0.0000000 0.0000000 0.0000000 1.0000000</matrix>
                    <instance_node url="#ID3" />
                </node>
                <node id="ID24" name="instance_8">
                    <matrix>-0.9223248 -0.3776151 0.0819984 0.3958993 0.3040932 -0.8402317 -0.4489298 2.6237105 0.2384203 -0.3891240 0.8897968 9.3046988 0.0000000 0.0000000 0.0000000 1.0000000</matrix>
                    <instance_node url="#ID3" />
                </node>
                <node id="ID25" name="instance_9">
                    <matrix>0.7834275 -0.6193567 -0.0513678 1.6970649 0.5650257 0.7442428 -0.3561582 -0.8648375 0.2588190 0.2500000 0.9330127 7.6195685 0.0000000 0.0000000 0.0000000 1.0000000</matrix>
                    <instance_node url="#ID3" />
                </node>
                <node id="ID26" name="instance_10">
                    <matrix>-0.8110638 0.5065882 -0.2924788 -1.0994831 -0.5849577 -0.7024019 0.4055319 0.8911658 -0.0000000 0.5000000 0.8660254 7.6750637 0.0000000 0.0000000 0.0000000 1.0000000</matrix>
                    <instance_node url="#ID3" />
                </node>
                <node id="ID27" name="instance_11">
                    <matrix>0.0976129 0.8746696 0.4747892 -1.6922741 -0.9609810 -0.0412297 0.2735246 -0.5673327 0.2588190 -0.4829629 0.8365163 9.4002088 0.0000000 0.0000000 0.0000000 1.0000000</matrix>
                    <instance_node url="#ID3" />
                </node>
                <node id="ID28" name="instance_12">
                    <matrix>-0.0550162 0.9093355 0.4124101 -2.6367760 -0.9696025 -0.1472802 0.1953959 -0.2966569 0.2384203 -0.3891240 0.8897968 11.8046988 0.0000000 0.0000000 0.0000000 1.0000000</matrix>
                    <instance_node url="#ID3" />
                </node>
                <node id="ID29" name="instance_13">
                    <matrix>-0.7485389 -0.5585820 0.3573174 0.3961362 0.6104934 -0.7908768 0.0425631 1.8630752 0.2588190 0.2500000 0.9330127 10.1195685 0.0000000 0.0000000 0.0000000 1.0000000</matrix>
                    <instance_node url="#ID3" />
                </node>
                <node id="ID30" name="instance_14">
                    <matrix>0.7749445 0.5473534 -0.3160147 -0.5762329 -0.6320293 0.6711216 -0.3874722 -1.2926698 -0.0000000 0.5000000 0.8660254 9.8625637 0.0000000 0.0000000 0.0000000 1.0000000</matrix>
                    <instance_node url="#ID3" />
                </node>
                <node id="ID31" name="instance_15">
                    <matrix>0.9633318 0.0656358 -0.2601610 0.3902726 0.0707427 0.8731774 0.4822413 -1.7727052 0.2588190 -0.4829629 0.8365163 12.1502088 0.0000000 0.0000000 0.0000000 1.0000000</matrix>
                    <instance_node url="#ID3" />
                </node>
                <node id="ID32" name="instance_16">
                    <matrix>0.1384612 -0.8948554 0.4243376 1.6039588 0.8548851 -0.1083229 -0.5073831 1.3596506 0.5000000 0.4330127 0.7500000 8.0050553 0.0000000 0.0000000 0.0000000 1.0000000</matrix>
                    <instance_node url="#ID3" />
                </node>
                <node id="ID33" name="instance_17">
                    <matrix>-0.8854765 0.3551070 -0.2997173 -1.2563655 -0.3363610 -0.9348257 -0.1138519 1.5255885 -0.3206130 -0.0000000 0.9472103 12.4077494 0.0000000 0.0000000 0.0000000 1.0000000</matrix>
                    <instance_node url="#ID3" />
                </node>
                <node id="ID34" name="instance_18">
                    <matrix>0.7069033 -0.0239870 -0.7069033 1.5893136 0.0169614 0.9997123 -0.0169614 -2.6653907 0.7071068 -0.0000000 0.7071068 11.3010379 0.0000000 0.0000000 0.0000000 1.0000000</matrix>
                    <instance_node url="#ID3" />
                </node>
                <node id="ID35" name="instance_19">
                    <matrix>-0.8372936 0.0204833 0.5463697 -1.0507166 0.2212225 -0.9011550 0.3728005 1.0141589 0.5000000 0.4330127 0.7500000 11.7550553 0.0000000 0.0000000 0.0000000 1.0000000</matrix>
                    <instance_node url="#ID3" />
                </node>
                <node id="ID36" name="instance_20">
                    <matrix>0.1310946 0.6791501 0.7221976 -3.7043114 -0.4825083 -0.5926678 0.6449269 2.2696784 0.8660254 -0.4330127 0.2500000 11.6015169 0.0000000 0.0000000 0.0000000 1.0000000</matrix>
                    <instance_node url="#ID3" />
                </node>
                <node id="ID37" name="instance_21">
                    <matrix>0.6704157 -0.5676601 -0.4778124 1.8248695 0.2788482 0.7895156 -0.5467256 1.3527278 0.6875947 0.2332963 0.6875946 9.6444915 0.0000000 0.0000000 0.0000000 1.0000000</matrix>
                    <instance_node url="#ID3" />
                </node>
                <node id="ID38" name="instance_22">
                    <matrix>-0.4216869 -0.8696586 -0.2566596 2.1305986 0.6624249 -0.1021802 -0.7421270 2.2235938 0.6191716 -0.4829629 0.6191715 11.3706362 0.0000000 0.0000000 0.0000000 1.0000000</matrix>
                    <instance_node url="#ID3" />
                </node>
                <node id="ID39" name="instance_23">
                    <matrix>-0.6229480 0.7325942 0.2743018 -0.4431911 -0.4755988 -0.6330921 0.6107373 -1.7530327 0.6210809 0.2500000 0.7428044 11.3159846 0.0000000 0.0000000 0.0000000 1.0000000</matrix>
                    <instance_node url="#ID3" />
                </node>
                <node id="ID40" name="instance_24">
                    <matrix>0.3117664 -0.8979607 0.3105936 1.9597156 0.8079615 0.0785280 -0.5839791 0.5901691 0.5000000 0.4330127 0.7500000 3.2550553 0.0000000 0.0000000 0.0000000 1.0000000</matrix>
                    <instance_node url="#ID3" />
                </node>
                <node id="ID41" name="instance_25">
                    <matrix>-0.9358057 0.1547104 -0.3167528 -0.8049203 -0.1465433 -0.9879599 -0.0496022 1.3423516 -0.3206130 -0.0000000 0.9472103 7.4077494 0.0000000 0.0000000 0.0000000 1.0000000</matrix>
                    <instance_node url="#ID3" />
                </node>
                <node id="ID42" name="instance_26">
                    <matrix>-0.2537700 0.8594232 0.4438385 -2.5314190 -0.9374202 -0.3316238 0.1061560 -0.1560854 0.2384203 -0.3891240 0.8897968 7.0546988 0.0000000 0.0000000 0.0000000 1.0000000</matrix>
                    <instance_node url="#ID3" />
                </node>
                <node id="ID43" name="instance_27">
                    <matrix>-0.6065657 -0.7096596 0.3584149 0.8816586 0.7517252 -0.6586981 -0.0320320 1.3318327 0.2588190 0.2500000 0.9330127 5.3695685 0.0000000 0.0000000 0.0000000 1.0000000</matrix>
                    <instance_node url="#ID3" />
                </node>
                <node id="ID44" name="instance_28">
                    <matrix>0.7749445 0.5473534 -0.3160147 -0.4188822 -0.6320293 0.6711216 -0.3874722 -1.7601570 -0.0000000 0.5000000 0.8660254 5.4250637 0.0000000 0.0000000 0.0000000 1.0000000</matrix>
                    <instance_node url="#ID3" />
                </node>
                <node id="ID45" name="instance_29">
                    <matrix>0.9542959 -0.0061317 -0.2988003 0.7678806 0.1494388 0.8756194 0.4593025 -2.0686353 0.2588190 -0.4829629 0.8365163 7.1502088 0.0000000 0.0000000 0.0000000 1.0000000</matrix>
                    <instance_node url="#ID3" />
                </node>
                <node id="ID46" name="instance_30">
                    <matrix>0.3790895 -0.0254552 -0.0065725 1.3091832 0.0262900 0.3670518 0.0947724 1.0670126 -0.0000000 -0.0950000 0.3679334 17.8863576 0.0000000 0.0000000 0.0000000 1.0000000</matrix>
                    <instance_node url="#ID47" />
                </node>
                <node id="ID116" name="instance_35">
                    <matrix>0.3290897 0.1900000 -0.0000000 -4.8121678 -0.1900000 0.3290897 0.0000000 2.2664148 0.0000000 0.0000000 0.3800000 20.3125000 0.0000000 0.0000000 0.0000000 1.0000000</matrix>
                    <instance_node url="#ID47" />
                </node>
                <node id="ID117" name="instance_36">
                    <matrix>0.2742255 -0.2562978 -0.0592606 -2.9988517 0.2596686 0.2774333 0.0017251 -3.1331090 0.0421019 -0.0417400 0.3753468 17.9158764 0.0000000 0.0000000 0.0000000 1.0000000</matrix>
                    <instance_node url="#ID47" />
                </node>
                <node id="ID118" name="instance_37">
                    <matrix>-0.9002161 0.2617486 0.3479925 -0.8557834 -0.2042502 -0.9596194 0.1934228 0.1741279 0.3845685 0.1030448 0.9173270 8.2159012 0.0000000 0.0000000 0.0000000 1.0000000</matrix>
                    <instance_node url="#ID119" />
                </node>
                <node id="ID128" name="instance_38">
                    <matrix>0.7468687 0.5803256 -0.3246682 0.1664964 -0.5731550 0.8093580 0.1281912 0.9624344 0.3371654 0.0903432 0.9371006 10.6861324 0.0000000 0.0000000 0.0000000 1.0000000</matrix>
                    <instance_node url="#ID119" />
                </node>
                <node id="ID129" name="instance_39">
                    <matrix>-0.9384680 0.1668401 -0.3023940 0.5677594 -0.1670208 -0.9856247 -0.0254572 -1.1106689 -0.3022943 0.0266153 0.9528430 8.4122625 0.0000000 0.0000000 0.0000000 1.0000000</matrix>
                    <instance_node url="#ID119" />
                </node>
                <node id="ID130" name="instance_40">
                    <matrix>-0.1431323 0.5521589 0.0725166 -0.9475471 -0.4549182 -0.0727377 -0.3440692 -1.7085420 -0.3212282 -0.1430200 0.4549535 5.2629027 0.0000000 0.0000000 0.0000000 1.0000000</matrix>
                    <instance_node url="#ID3" />
                </node>
                <node id="ID131" name="instance_41">
                    <matrix>-0.4655369 -0.0487121 -0.3339574 0.5962129 -0.1035029 -0.5209537 0.2202711 0.5467076 -0.3212282 0.2384520 0.4130110 4.3707264 0.0000000 0.0000000 0.0000000 1.0000000</matrix>
                    <instance_node url="#ID3" />
                </node>
                <node id="ID132" name="instance_42">
                    <matrix>-0.4319822 0.3438960 -0.1604740 -1.7590955 -0.2530620 -0.4422333 -0.2664852 0.0463588 -0.2828002 -0.1295774 0.4835894 4.9417257 0.0000000 0.0000000 0.0000000 1.0000000</matrix>
                    <instance_node url="#ID3" />
                </node>
                <node id="ID133" name="instance_43">
                    <matrix>-0.2652504 -0.4524509 -0.2357021 1.3313014 0.4238217 -0.3433045 0.1820500 1.0928016 -0.2839761 -0.0897510 0.4918611 4.8523572 0.0000000 0.0000000 0.0000000 1.0000000</matrix>
                    <instance_node url="#ID3" />
                </node>
                <node id="ID134" name="instance_44">
                    <matrix>0.0389592 -0.4734294 0.3239935 1.6545736 0.5154892 0.1713971 0.1884648 -0.7988087 -0.2517501 0.2776916 0.4360439 3.7652673 0.0000000 0.0000000 0.0000000 1.0000000</matrix>
                    <instance_node url="#ID3" />
                </node>
                <node id="ID135" name="instance_45">
                    <matrix>0.4706422 -0.3031198 0.1312984 2.3185668 0.2615942 0.4815591 0.1740526 -0.5668945 -0.2017160 -0.0827298 0.5320634 4.2245228 0.0000000 0.0000000 0.0000000 1.0000000</matrix>
                    <instance_node url="#ID3" />
                </node>
                <node id="ID136" name="instance_46">
                    <matrix>0.2509112 -0.2470959 0.4545461 0.4686595 0.4530569 -0.1389919 -0.3256466 1.8092291 0.2498159 0.5002498 0.1340415 6.8395342 0.0000000 0.0000000 0.0000000 1.0000000</matrix>
                    <instance_node url="#ID3" />
                </node>
                <node id="ID137" name="instance_47">
                    <matrix>0.5023689 0.1139595 0.2554676 0.1744648 -0.0305312 0.5443221 -0.1827738 -2.4032508 -0.2780617 0.1461220 0.4816171 4.2519652 0.0000000 0.0000000 0.0000000 1.0000000</matrix>
                    <instance_node url="#ID3" />
                </node>
                <node id="ID138" name="instance_48">
                    <matrix>-0.1826664 0.4174878 -0.3506592 -1.3434202 -0.5258511 -0.0372253 0.2296082 0.7350022 0.1440091 0.3936282 0.3936282 9.5500358 0.0000000 0.0000000 0.0000000 1.0000000</matrix>
                    <instance_node url="#ID3" />
                </node>
            </node>
        </visual_scene>
    </library_visual_scenes>
    <library_nodes>
        <node id="ID3" name="spath_leaf">
            <instance_geometry url="#ID4">
                <bind_material>
                    <technique_common>
                        <instance_material symbol="Material2" target="#ID5">
                            <bind_vertex_input semantic="UVSET0" input_semantic="TEXCOORD" input_set="0" />
                        </instance_material>
                    </technique_common>
                </bind_material>
            </instance_geometry>
        </node>
        <node id="ID47" name="spath_flower_withPistol">
            <node id="ID48" name="instance_31">
                <matrix>1.0000000 0.0000000 0.0000000 0.0000000 0.0000000 1.0000000 0.0000000 0.0000000 0.0000000 0.0000000 1.0000000 0.0000000 0.0000000 0.0000000 0.0000000 1.0000000</matrix>
                <instance_node url="#ID49" />
            </node>
            <node id="ID93" name="instance_34">
                <matrix>1.0000000 0.0000000 0.0000000 2.8560767 0.0000000 1.0000000 0.0000000 1.8710242 0.0000000 0.0000000 1.0000000 0.1562500 0.0000000 0.0000000 0.0000000 1.0000000</matrix>
                <instance_node url="#ID94" />
            </node>
        </node>
        <node id="ID49" name="spath_flower">
            <node id="ID50" name="instance_32">
                <matrix>-1.0000000 0.0000000 0.0000000 7.5055662 0.0000000 1.0000000 0.0000000 0.0000000 0.0000000 -0.0000000 1.0000000 0.0000000 0.0000000 0.0000000 0.0000000 1.0000000</matrix>
                <instance_node url="#ID51" />
            </node>
            <node id="ID75" name="instance_33">
                <matrix>1.0000000 0.0000000 0.0000000 0.0000000 0.0000000 1.0000000 0.0000000 0.0000000 0.0000000 0.0000000 1.0000000 0.0000000 0.0000000 0.0000000 0.0000000 1.0000000</matrix>
                <instance_node url="#ID76" />
            </node>
        </node>
        <node id="ID51" name="spath_flower_half">
            <instance_geometry url="#ID52">
                <bind_material>
                    <technique_common>
                        <instance_material symbol="Material2" target="#ID53">
                            <bind_vertex_input semantic="UVSET0" input_semantic="TEXCOORD" input_set="0" />
                        </instance_material>
                    </technique_common>
                </bind_material>
            </instance_geometry>
            <instance_geometry url="#ID65">
                <bind_material>
                    <technique_common>
                        <instance_material symbol="Material2" target="#ID53">
                            <bind_vertex_input semantic="UVSET0" input_semantic="TEXCOORD" input_set="0" />
                        </instance_material>
                        <instance_material symbol="Material3" target="#ID71">
                            <bind_vertex_input semantic="UVSET0" input_semantic="TEXCOORD" input_set="0" />
                        </instance_material>
                    </technique_common>
                </bind_material>
            </instance_geometry>
        </node>
        <node id="ID76" name="spath_flower_half">
            <instance_geometry url="#ID77">
                <bind_material>
                    <technique_common>
                        <instance_material symbol="Material2" target="#ID53">
                            <bind_vertex_input semantic="UVSET0" input_semantic="TEXCOORD" input_set="0" />
                        </instance_material>
                    </technique_common>
                </bind_material>
            </instance_geometry>
            <instance_geometry url="#ID85">
                <bind_material>
                    <technique_common>
                        <instance_material symbol="Material2" target="#ID53">
                            <bind_vertex_input semantic="UVSET0" input_semantic="TEXCOORD" input_set="0" />
                        </instance_material>
                        <instance_material symbol="Material3" target="#ID71">
                            <bind_vertex_input semantic="UVSET0" input_semantic="TEXCOORD" input_set="0" />
                        </instance_material>
                    </technique_common>
                </bind_material>
            </instance_geometry>
        </node>
        <node id="ID94" name="spath_pistol">
            <instance_geometry url="#ID95">
                <bind_material>
                    <technique_common>
                        <instance_material symbol="Material2" target="#ID96">
                            <bind_vertex_input semantic="UVSET0" input_semantic="TEXCOORD" input_set="0" />
                        </instance_material>
                    </technique_common>
                </bind_material>
            </instance_geometry>
            <instance_geometry url="#ID108">
                <bind_material>
                    <technique_common>
                        <instance_material symbol="Material2" target="#ID96">
                            <bind_vertex_input semantic="UVSET0" input_semantic="TEXCOORD" input_set="0" />
                        </instance_material>
                    </technique_common>
                </bind_material>
            </instance_geometry>
        </node>
        <node id="ID119" name="Spath_stem">
            <instance_geometry url="#ID120">
                <bind_material>
                    <technique_common>
                        <instance_material symbol="Material2" target="#ID71">
                            <bind_vertex_input semantic="UVSET0" input_semantic="TEXCOORD" input_set="0" />
                        </instance_material>
                        <instance_material symbol="Material3" target="#ID121">
                            <bind_vertex_input semantic="UVSET0" input_semantic="TEXCOORD" input_set="0" />
                        </instance_material>
                    </technique_common>
                </bind_material>
            </instance_geometry>
        </node>
    </library_nodes>
    <library_geometries>
        <geometry id="ID4">
            <mesh>
                <source id="ID10">
                    <float_array id="ID14" count="162">1.4672037 0.7858090 1.5000000 0.0000000 1.9896504 0.7500000 0.0000000 1.7396504 0.7500000 0.0000000 1.7396504 0.7500000 0.0000000 1.9896504 0.7500000 1.4672037 0.7858090 1.5000000 1.6487854 3.5206653 1.5000000 0.0000000 1.9896504 0.7500000 1.4672037 0.7858090 1.5000000 1.4672037 0.7858090 1.5000000 0.0000000 1.9896504 0.7500000 1.6487854 3.5206653 1.5000000 4.3624592 0.0000000 2.0000000 1.6487854 3.5206653 1.5000000 1.4672037 0.7858090 1.5000000 1.4672037 0.7858090 1.5000000 1.6487854 3.5206653 1.5000000 4.3624592 0.0000000 2.0000000 4.6532042 4.7600068 2.0000000 1.6487854 3.5206653 1.5000000 4.3624592 0.0000000 2.0000000 4.3624592 0.0000000 2.0000000 1.6487854 3.5206653 1.5000000 4.6532042 4.7600068 2.0000000 8.3504887 0.3092256 1.7500000 4.6532042 4.7600068 2.0000000 4.3624592 0.0000000 2.0000000 4.3624592 0.0000000 2.0000000 4.6532042 4.7600068 2.0000000 8.3504887 0.3092256 1.7500000 8.3504887 0.3092256 1.7500000 8.1467626 4.5477571 1.7500000 4.6532042 4.7600068 2.0000000 4.6532042 4.7600068 2.0000000 8.1467626 4.5477571 1.7500000 8.3504887 0.3092256 1.7500000 10.7700843 3.7227218 1.0000000 8.1467626 4.5477571 1.7500000 8.3504887 0.3092256 1.7500000 8.3504887 0.3092256 1.7500000 8.1467626 4.5477571 1.7500000 10.7700843 3.7227218 1.0000000 10.7700843 3.7227218 1.0000000 8.3504887 0.3092256 1.7500000 10.7700843 1.0186026 1.0000000 10.7700843 1.0186026 1.0000000 8.3504887 0.3092256 1.7500000 10.7700843 3.7227218 1.0000000 14.4917915 3.2629447 -1.2500000 10.7700843 3.7227218 1.0000000 10.7700843 1.0186026 1.0000000 10.7700843 1.0186026 1.0000000 10.7700843 3.7227218 1.0000000 14.4917915 3.2629447 -1.2500000</float_array>
                    <technique_common>
                        <accessor count="54" source="#ID14" stride="3">
                            <param name="X" type="float" />
                            <param name="Y" type="float" />
                            <param name="Z" type="float" />
                        </accessor>
                    </technique_common>
                </source>
                <source id="ID11">
                    <float_array id="ID15" count="162">-0.4551572 0.0000000 0.8904111 -0.4551572 0.0000000 0.8904111 -0.4551572 0.0000000 0.8904111 0.4551572 -0.0000000 -0.8904111 0.4551572 -0.0000000 -0.8904111 0.4551572 -0.0000000 -0.8904111 -0.4360317 0.0289505 0.8994655 -0.4360317 0.0289505 0.8994655 -0.4360317 0.0289505 0.8994655 0.4360317 -0.0289505 -0.8994655 0.4360317 -0.0289505 -0.8994655 0.4360317 -0.0289505 -0.8994655 -0.1672396 0.0111039 0.9858538 -0.1672396 0.0111039 0.9858538 -0.1672396 0.0111039 0.9858538 0.1672396 -0.0111039 -0.9858538 0.1672396 -0.0111039 -0.9858538 0.1672396 -0.0111039 -0.9858538 -0.1682793 0.0102786 0.9856858 -0.1682793 0.0102786 0.9856858 -0.1682793 0.0102786 0.9856858 0.1682793 -0.0102786 -0.9856858 0.1682793 -0.0102786 -0.9856858 0.1682793 -0.0102786 -0.9856858 0.0628609 -0.0038396 0.9980149 0.0628609 -0.0038396 0.9980149 0.0628609 -0.0038396 0.9980149 -0.0628609 0.0038396 -0.9980149 -0.0628609 0.0038396 -0.9980149 -0.0628609 0.0038396 -0.9980149 0.0715853 0.0034408 0.9974285 0.0715853 0.0034408 0.9974285 0.0715853 0.0034408 0.9974285 -0.0715853 -0.0034408 -0.9974285 -0.0715853 -0.0034408 -0.9974285 -0.0715853 -0.0034408 -0.9974285 0.2787520 0.0133983 0.9602696 0.2787520 0.0133983 0.9602696 0.2787520 0.0133983 0.9602696 -0.2787520 -0.0133983 -0.9602696 -0.2787520 -0.0133983 -0.9602696 -0.2787520 -0.0133983 -0.9602696 0.2960719 0.0000000 0.9551657 0.2960719 0.0000000 0.9551657 0.2960719 0.0000000 0.9551657 -0.2960719 -0.0000000 -0.9551657 -0.2960719 -0.0000000 -0.9551657 -0.2960719 -0.0000000 -0.9551657 0.5173630 0.0000000 0.8557661 0.5173630 0.0000000 0.8557661 0.5173630 0.0000000 0.8557661 -0.5173630 -0.0000000 -0.8557661 -0.5173630 -0.0000000 -0.8557661 -0.5173630 -0.0000000 -0.8557661</float_array>
                    <technique_common>
                        <accessor count="54" source="#ID15" stride="3">
                            <param name="X" type="float" />
                            <param name="Y" type="float" />
                            <param name="Z" type="float" />
                        </accessor>
                    </technique_common>
                </source>
                <source id="ID13">
                    <float_array id="ID16" count="22">0.1225107 0.2288533 0.0246971 0.4237609 0.0246971 0.3832847 0.1346161 0.6716396 0.3155277 0.1016271 0.3349107 0.8722948 0.5813964 0.1516922 0.5678146 0.8379306 0.7427027 0.7043535 0.7427027 0.2665437 0.9908165 0.6299134</float_array>
                    <technique_common>
                        <accessor count="11" source="#ID16" stride="2">
                            <param name="S" type="float" />
                            <param name="T" type="float" />
                        </accessor>
                    </technique_common>
                </source>
                <vertices id="ID12">
                    <input semantic="POSITION" source="#ID10" />
                    <input semantic="NORMAL" source="#ID11" />
                </vertices>
                <triangles count="18" material="Material2">
                    <input offset="0" semantic="VERTEX" source="#ID12" />
                    <input offset="1" semantic="TEXCOORD" source="#ID13" />
                    <p>0 0 1 1 2 2 3 2 4 1 5 0 6 3 7 1 8 0 9 0 10 1 11 3 12 4 13 3 14 0 15 0 16 3 17 4 18 5 19 3 20 4 21 4 22 3 23 5 24 6 25 5 26 4 27 4 28 5 29 6 30 6 31 7 32 5 33 5 34 7 35 6 36 8 37 7 38 6 39 6 40 7 41 8 42 8 43 6 44 9 45 9 46 6 47 8 48 10 49 8 50 9 51 9 52 8 53 10</p>
                </triangles>
            </mesh>
        </geometry>
        <geometry id="ID52">
            <mesh>
                <source id="ID58">
                    <float_array id="ID62" count="774">1.2336622 0.5000000 12.9659139 2.2197593 1.0000000 14.6363709 1.7197593 2.0000000 12.9659139 1.7197593 2.0000000 12.9659139 2.2197593 1.0000000 14.6363709 1.2336622 0.5000000 12.9659139 1.2336622 0.5000000 12.9659139 1.7197593 2.0000000 12.9659139 1.7197593 3.2500000 8.6250000 1.7197593 3.2500000 8.6250000 1.7197593 2.0000000 12.9659139 1.2336622 0.5000000 12.9659139 1.7197593 2.0000000 12.9659139 2.2197593 1.0000000 14.6363709 2.4558563 3.0000000 12.9659139 2.4558563 3.0000000 12.9659139 2.2197593 1.0000000 14.6363709 1.7197593 2.0000000 12.9659139 0.4836622 2.0000000 8.6250000 1.2336622 0.5000000 12.9659139 1.7197593 3.2500000 8.6250000 1.7197593 3.2500000 8.6250000 1.2336622 0.5000000 12.9659139 0.4836622 2.0000000 8.6250000 1.7197593 2.0000000 12.9659139 2.4558563 3.0000000 12.9659139 1.7197593 3.2500000 8.6250000 1.7197593 3.2500000 8.6250000 2.4558563 3.0000000 12.9659139 1.7197593 2.0000000 12.9659139 2.2197593 1.0000000 14.6363709 2.9558563 1.7500000 16.0568279 2.4558563 3.0000000 12.9659139 2.4558563 3.0000000 12.9659139 2.9558563 1.7500000 16.0568279 2.2197593 1.0000000 14.6363709 0.7500000 0.2500000 11.6183183 1.2336622 0.5000000 12.9659139 0.4836622 2.0000000 8.6250000 0.4836622 2.0000000 8.6250000 1.2336622 0.5000000 12.9659139 0.7500000 0.2500000 11.6183183 1.7197593 3.0000000 6.3935580 0.4836622 2.0000000 8.6250000 1.7197593 3.2500000 8.6250000 1.7197593 3.2500000 8.6250000 0.4836622 2.0000000 8.6250000 1.7197593 3.0000000 6.3935580 2.4558563 3.7500000 8.6250000 1.7197593 3.2500000 8.6250000 2.4558563 3.0000000 12.9659139 2.4558563 3.0000000 12.9659139 1.7197593 3.2500000 8.6250000 2.4558563 3.7500000 8.6250000 3.2951872 3.7500000 12.9659139 2.4558563 3.0000000 12.9659139 2.9558563 1.7500000 16.0568279 2.9558563 1.7500000 16.0568279 2.4558563 3.0000000 12.9659139 3.2951872 3.7500000 12.9659139 0.2614681 1.1947051 8.6250000 0.7500000 0.2500000 11.6183183 0.4836622 2.0000000 8.6250000 0.4836622 2.0000000 8.6250000 0.7500000 0.2500000 11.6183183 0.2614681 1.1947051 8.6250000 2.4558563 3.7500000 8.6250000 1.7197593 3.0000000 6.3935580 1.7197593 3.2500000 8.6250000 1.7197593 3.2500000 8.6250000 1.7197593 3.0000000 6.3935580 2.4558563 3.7500000 8.6250000 0.9836622 2.0000000 6.3935580 0.4836622 2.0000000 8.6250000 1.7197593 3.0000000 6.3935580 1.7197593 3.0000000 6.3935580 0.4836622 2.0000000 8.6250000 0.9836622 2.0000000 6.3935580 3.2951872 4.2500000 8.6250000 2.4558563 3.7500000 8.6250000 2.4558563 3.0000000 12.9659139 2.4558563 3.0000000 12.9659139 2.4558563 3.7500000 8.6250000 3.2951872 4.2500000 8.6250000 3.2951872 3.7500000 12.9659139 3.2951872 4.2500000 8.6250000 2.4558563 3.0000000 12.9659139 2.4558563 3.0000000 12.9659139 3.2951872 4.2500000 8.6250000 3.2951872 3.7500000 12.9659139 2.9558563 1.7500000 16.0568279 3.2951872 2.7500000 16.3068279 3.2951872 3.7500000 12.9659139 3.2951872 3.7500000 12.9659139 3.2951872 2.7500000 16.3068279 2.9558563 1.7500000 16.0568279 0.2614681 0.0000000 8.6250000 0.7500000 0.2500000 11.6183183 0.2614681 1.1947051 8.6250000 0.2614681 1.1947051 8.6250000 0.7500000 0.2500000 11.6183183 0.2614681 0.0000000 8.6250000 0.0000000 0.0000000 6.3935580 0.2614681 1.1947051 8.6250000 0.4836622 2.0000000 8.6250000 0.4836622 2.0000000 8.6250000 0.2614681 1.1947051 8.6250000 0.0000000 0.0000000 6.3935580 2.4558563 3.5000000 6.3935580 1.7197593 3.0000000 6.3935580 2.4558563 3.7500000 8.6250000 2.4558563 3.7500000 8.6250000 1.7197593 3.0000000 6.3935580 2.4558563 3.5000000 6.3935580 0.9836622 2.0000000 6.3935580 0.0000000 0.0000000 6.3935580 0.4836622 2.0000000 8.6250000 0.4836622 2.0000000 8.6250000 0.0000000 0.0000000 6.3935580 0.9836622 2.0000000 6.3935580 0.9836622 0.5000000 3.8125000 0.9836622 2.0000000 6.3935580 1.7197593 3.0000000 6.3935580 1.7197593 3.0000000 6.3935580 0.9836622 2.0000000 6.3935580 0.9836622 0.5000000 3.8125000 3.2951872 4.2500000 8.6250000 3.2951872 3.8750000 6.3935580 2.4558563 3.7500000 8.6250000 2.4558563 3.7500000 8.6250000 3.2951872 3.8750000 6.3935580 3.2951872 4.2500000 8.6250000 3.7527831 4.5000000 8.6250000 3.2951872 4.2500000 8.6250000 3.2951872 3.7500000 12.9659139 3.2951872 3.7500000 12.9659139 3.2951872 4.2500000 8.6250000 3.7527831 4.5000000 8.6250000 3.7527831 4.0000000 12.9659139 3.2951872 3.7500000 12.9659139 3.2951872 2.7500000 16.3068279 3.2951872 2.7500000 16.3068279 3.2951872 3.7500000 12.9659139 3.7527831 4.0000000 12.9659139 0.0000000 0.0000000 6.3935580 0.2614681 0.0000000 8.6250000 0.2614681 1.1947051 8.6250000 0.2614681 1.1947051 8.6250000 0.2614681 0.0000000 8.6250000 0.0000000 0.0000000 6.3935580 2.4558563 3.5000000 6.3935580 1.6410919 1.0000000 2.6634083 1.7197593 3.0000000 6.3935580 1.7197593 3.0000000 6.3935580 1.6410919 1.0000000 2.6634083 2.4558563 3.5000000 6.3935580 3.2951872 3.8750000 6.3935580 2.4558563 3.5000000 6.3935580 2.4558563 3.7500000 8.6250000 2.4558563 3.7500000 8.6250000 2.4558563 3.5000000 6.3935580 3.2951872 3.8750000 6.3935580 0.9836622 0.5000000 3.8125000 0.0000000 0.0000000 6.3935580 0.9836622 2.0000000 6.3935580 0.9836622 2.0000000 6.3935580 0.0000000 0.0000000 6.3935580 0.9836622 0.5000000 3.8125000 1.6410919 1.0000000 2.6634083 0.9836622 0.5000000 3.8125000 1.7197593 3.0000000 6.3935580 1.7197593 3.0000000 6.3935580 0.9836622 0.5000000 3.8125000 1.6410919 1.0000000 2.6634083 3.7527831 4.5000000 8.6250000 3.2951872 3.8750000 6.3935580 3.2951872 4.2500000 8.6250000 3.2951872 4.2500000 8.6250000 3.2951872 3.8750000 6.3935580 3.7527831 4.5000000 8.6250000 3.7527831 4.0000000 12.9659139 3.7527831 4.5000000 8.6250000 3.2951872 3.7500000 12.9659139 3.2951872 3.7500000 12.9659139 3.7527831 4.5000000 8.6250000 3.7527831 4.0000000 12.9659139 3.7527831 3.0000000 16.3068279 3.7527831 4.0000000 12.9659139 3.2951872 2.7500000 16.3068279 3.2951872 2.7500000 16.3068279 3.7527831 4.0000000 12.9659139 3.7527831 3.0000000 16.3068279 2.7058563 2.0000000 2.6634083 1.6410919 1.0000000 2.6634083 2.4558563 3.5000000 6.3935580 2.4558563 3.5000000 6.3935580 1.6410919 1.0000000 2.6634083 2.7058563 2.0000000 2.6634083 3.2951872 3.8750000 6.3935580 2.7058563 2.0000000 2.6634083 2.4558563 3.5000000 6.3935580 2.4558563 3.5000000 6.3935580 2.7058563 2.0000000 2.6634083 3.2951872 3.8750000 6.3935580 3.7527831 4.0000000 6.3935580 3.2951872 3.8750000 6.3935580 3.7527831 4.5000000 8.6250000 3.7527831 4.5000000 8.6250000 3.2951872 3.8750000 6.3935580 3.7527831 4.0000000 6.3935580 2.7058563 2.0000000 2.6634083 2.4558563 1.5000000 2.0000000 1.6410919 1.0000000 2.6634083 1.6410919 1.0000000 2.6634083 2.4558563 1.5000000 2.0000000 2.7058563 2.0000000 2.6634083 3.2951872 2.7500000 2.6634083 2.7058563 2.0000000 2.6634083 3.2951872 3.8750000 6.3935580 3.2951872 3.8750000 6.3935580 2.7058563 2.0000000 2.6634083 3.2951872 2.7500000 2.6634083 3.7527831 4.0000000 6.3935580 3.2951872 2.7500000 2.6634083 3.2951872 3.8750000 6.3935580 3.2951872 3.8750000 6.3935580 3.2951872 2.7500000 2.6634083 3.7527831 4.0000000 6.3935580 2.4558563 1.5000000 2.0000000 2.7058563 2.0000000 2.6634083 3.2951872 2.7500000 2.6634083 3.2951872 2.7500000 2.6634083 2.7058563 2.0000000 2.6634083 2.4558563 1.5000000 2.0000000 3.7527831 3.0000000 2.6634083 3.2951872 2.7500000 2.6634083 3.7527831 4.0000000 6.3935580 3.7527831 4.0000000 6.3935580 3.2951872 2.7500000 2.6634083 3.7527831 3.0000000 2.6634083 3.2951872 2.0000000 1.2500000 2.4558563 1.5000000 2.0000000 3.2951872 2.7500000 2.6634083 3.2951872 2.7500000 2.6634083 2.4558563 1.5000000 2.0000000 3.2951872 2.0000000 1.2500000 3.7527831 3.0000000 2.6634083 3.2951872 2.0000000 1.2500000 3.2951872 2.7500000 2.6634083 3.2951872 2.7500000 2.6634083 3.2951872 2.0000000 1.2500000 3.7527831 3.0000000 2.6634083 3.7527831 2.5000000 0.0000000 3.2951872 2.0000000 1.2500000 3.7527831 3.0000000 2.6634083 3.7527831 3.0000000 2.6634083 3.2951872 2.0000000 1.2500000 3.7527831 2.5000000 0.0000000</float_array>
                    <technique_common>
                        <accessor count="258" source="#ID62" stride="3">
                            <param name="X" type="float" />
                            <param name="Y" type="float" />
                            <param name="Z" type="float" />
                        </accessor>
                    </technique_common>
                </source>
                <source id="ID59">
